Time 	VolPulse	BloodFlow	ECG	
0.000	-0.390	-3.208	-41.000	
0.005	-0.400	-2.851	-40.100	
0.010	-0.410	-2.473	-43.800	
0.015	-0.420	-2.624	-49.700	
0.020	-0.440	-2.726	-50.000	
0.025	-0.450	-2.558	-56.200	
0.030	-0.460	-2.739	-59.000	
0.035	-0.470	-3.025	-31.800	
0.040	-0.480	-2.832	1.300	
0.045	-0.490	-2.686	96.300	
0.050	-0.510	-2.826	302.900	
0.055	-0.520	-2.636	551.900	
0.060	-0.530	-2.374	681.900	
0.065	-0.540	-2.565	657.100	
0.070	-0.550	-2.668	550.400	
0.075	-0.560	-2.462	295.800	
0.080	-0.570	-2.533	13.700	
0.085	-0.580	-2.658	-82.800	
0.090	-0.590	-2.364	-48.100	
0.095	-0.600	-2.236	-17.300	
0.100	-0.610	-2.461	-27.400	
0.105	-0.610	-2.342	-58.900	
0.110	-0.620	-2.089	-84.100	
0.115	-0.630	-2.218	-72.500	
0.120	-0.640	-2.209	-59.300	
0.125	-0.650	-1.941	-69.300	
0.130	-0.650	-2.059	-50.100	
0.135	-0.660	-2.327	-41.300	
0.140	-0.670	-2.236	-67.700	
0.145	-0.680	-2.330	-65.900	
0.150	-0.690	-2.796	-58.600	
0.155	-0.700	-2.914	-30.500	
0.160	-0.710	-2.863	-9.300	
0.165	-0.720	-3.203	-47.200	
0.170	-0.740	-3.394	-59.100	
0.175	-0.750	-3.215	-40.600	
0.180	-0.760	-3.334	-24.300	
0.185	-0.780	-3.549	-19.700	
0.190	-0.790	-3.288	-17.000	
0.195	-0.800	-3.117	-4.900	
0.200	-0.810	-3.286	-20.600	
0.205	-0.830	-3.115	-41.500	
0.210	-0.840	-2.869	-22.900	
0.215	-0.850	-3.139	-20.600	
0.220	-0.860	-3.354	-23.100	
0.225	-0.870	-3.322	7.900	
0.230	-0.890	-3.712	17.100	
0.235	-0.900	-4.161	15.600	
0.240	-0.920	-4.006	14.700	
0.245	-0.930	-3.868	9.800	
0.250	-0.950	-3.998	10.400	
0.255	-0.960	-3.683	26.000	
0.260	-0.980	-3.177	55.000	
0.265	-0.990	-3.029	84.000	
0.270	-1.000	-2.551	97.600	
0.275	-1.000	-1.386	71.900	
0.280	-1.000	-0.144	71.400	
0.285	-0.990	1.373	105.200	
0.290	-0.980	3.624	113.100	
0.295	-0.950	5.878	133.500	
0.300	-0.910	7.741	162.900	
0.305	-0.860	9.818	156.000	
0.310	-0.800	11.824	148.300	
0.315	-0.740	13.114	166.300	
0.320	-0.670	14.169	170.300	
0.325	-0.590	15.183	148.700	
0.330	-0.510	15.534	143.300	
0.335	-0.430	15.512	143.000	
0.340	-0.350	15.704	94.400	
0.345	-0.270	15.559	54.900	
0.350	-0.190	14.858	58.000	
0.355	-0.120	14.291	50.600	
0.360	-0.050	13.679	11.700	
0.365	0.010	12.501	-45.800	
0.370	0.070	11.318	-73.800	
0.375	0.130	10.337	-54.300	
0.380	0.180	8.870	-41.900	
0.385	0.210	7.165	-64.900	
0.390	0.250	5.844	-83.800	
0.395	0.270	4.396	-79.300	
0.400	0.290	2.620	-69.600	
0.405	0.290	1.231	-84.900	
0.410	0.300	0.059	-103.700	
0.415	0.290	-1.406	-108.100	
0.420	0.280	-2.538	-86.700	
0.425	0.260	-3.063	-60.500	
0.430	0.250	-3.661	-93.400	
0.435	0.230	-4.191	-108.900	
0.440	0.200	-4.183	-85.800	
0.445	0.180	-4.211	-84.100	
0.450	0.160	-4.429	-81.100	
0.455	0.140	-4.111	-75.000	
0.460	0.120	-3.533	-79.700	
0.465	0.100	-3.385	-62.200	
0.470	0.080	-3.209	-41.100	
0.475	0.070	-2.782	-66.600	
0.480	0.050	-2.741	-88.000	
0.485	0.040	-2.875	-80.200	
0.490	0.030	-2.674	-51.400	
0.495	0.010	-2.753	-38.500	
0.500	0.000	-3.334	-34.100	
0.505	-0.020	-3.665	-23.000	
0.510	-0.040	-3.837	-36.500	
0.515	-0.060	-4.289	-45.600	
0.520	-0.080	-4.453	-56.500	
0.525	-0.100	-4.169	-55.100	
0.530	-0.120	-4.136	-41.000	
0.535	-0.140	-4.117	-44.400	
0.540	-0.160	-3.552	-50.000	
0.545	-0.180	-3.007	-47.400	
0.550	-0.190	-2.738	-20.500	
0.555	-0.200	-2.118	-7.300	
0.560	-0.210	-1.388	-14.900	
0.565	-0.210	-1.113	-33.800	
0.570	-0.220	-0.787	-62.300	
0.575	-0.220	-0.268	-55.100	
0.580	-0.220	-0.264	-40.300	
0.585	-0.220	-0.482	-32.600	
0.590	-0.220	-0.228	-41.600	
0.595	-0.220	-0.028	-50.400	
0.600	-0.220	-0.135	-47.300	
0.605	-0.220	0.131	-49.600	
0.610	-0.220	0.569	-35.000	
0.615	-0.210	0.674	-21.300	
0.620	-0.210	1.001	-36.800	
0.625	-0.200	1.659	-40.800	
0.630	-0.190	1.815	-27.700	
0.635	-0.180	1.488	-25.900	
0.640	-0.170	1.193	-31.500	
0.645	-0.170	0.547	-15.500	
0.650	-0.170	-0.483	-13.200	
0.655	-0.170	-1.012	-34.000	
0.660	-0.180	-1.113	-16.500	
0.665	-0.180	-1.426	-39.000	
0.670	-0.190	-1.541	-65.500	
0.675	-0.190	-1.323	-57.600	
0.680	-0.200	-1.468	-58.400	
0.685	-0.210	-1.770	-38.000	
0.690	-0.210	-1.688	-32.700	
0.695	-0.220	-1.761	-33.100	
0.700	-0.230	-2.225	-21.300	
0.705	-0.240	-2.391	-14.600	
0.710	-0.250	-2.435	-18.900	
0.715	-0.260	-2.942	-45.400	
0.720	-0.280	-3.389	-39.000	
0.725	-0.290	-3.541	-21.000	
0.730	-0.310	-4.027	-41.900	
0.735	-0.330	-4.569	-40.300	
0.740	-0.350	-4.544	-35.200	
0.745	-0.380	-4.489	-28.300	
0.750	-0.400	-4.690	-15.300	
0.755	-0.420	-4.536	-40.800	
0.760	-0.440	-4.242	-53.600	
0.765	-0.460	-4.369	-42.700	
0.770	-0.480	-4.364	-32.700	
0.775	-0.500	-4.004	-23.900	
0.780	-0.510	-3.979	-36.000	
0.785	-0.530	-4.103	-22.600	
0.790	-0.550	-3.868	-10.200	
0.795	-0.560	-3.839	-56.700	
0.800	-0.580	-4.200	-66.800	
0.805	-0.600	-4.209	-33.500	
0.810	-0.620	-4.011	-27.700	
0.815	-0.640	-4.151	-34.500	
0.820	-0.650	-4.117	-30.600	
0.825	-0.670	-3.735	-21.600	
0.830	-0.690	-3.684	-20.400	
0.835	-0.700	-3.771	-25.200	
0.840	-0.720	-3.480	-14.700	
0.845	-0.730	-3.353	-25.000	
0.850	-0.740	-3.580	-36.800	
0.855	-0.760	-3.436	-20.700	
0.860	-0.770	-3.117	-24.700	
0.865	-0.780	-3.249	-30.000	
0.870	-0.800	-3.331	-36.100	
0.875	-0.810	-3.142	-39.600	
0.880	-0.820	-3.311	-42.900	
0.885	-0.830	-3.536	-36.400	
0.890	-0.850	-3.229	-17.100	
0.895	-0.860	-2.987	-17.200	
0.900	-0.870	-3.063	-16.900	
0.905	-0.880	-2.819	-5.300	
0.910	-0.890	-2.489	-10.300	
0.915	-0.900	-2.630	-28.700	
0.920	-0.910	-2.686	-23.800	
0.925	-0.920	-2.426	-23.300	
0.930	-0.920	-2.496	-39.900	
0.935	-0.930	-2.659	-43.700	
0.940	-0.940	-2.376	-33.300	
0.945	-0.950	-2.236	-26.500	
0.950	-0.960	-2.493	-20.300	
0.955	-0.960	-2.473	-12.500	
0.960	-0.970	-2.386	-18.600	
0.965	-0.980	-2.774	-32.100	
0.970	-0.990	-3.073	-32.300	
0.975	-1.000	-3.057	-30.300	
0.980	-1.010	-3.363	-36.800	
0.985	-1.030	-3.758	-28.100	
0.990	-1.040	-3.691	-10.100	
0.995	-1.050	-3.674	-3.200	
1.000	-1.070	-3.877	-13.500	
1.005	-1.080	-3.623	-29.300	
1.010	-1.090	-3.172	-15.200	
1.015	-1.100	-3.159	-2.400	
1.020	-1.120	-3.119	-13.900	
1.025	-1.120	-2.888	-18.300	
1.030	-1.130	-3.109	-11.400	
1.035	-1.150	-3.471	-5.200	
1.040	-1.160	-3.314	-21.800	
1.045	-1.170	-3.152	-21.300	
1.050	-1.180	-3.258	-4.400	
1.055	-1.190	-3.011	-15.900	
1.060	-1.200	-2.666	-24.400	
1.065	-1.210	-2.798	-22.500	
1.070	-1.220	-2.851	-19.900	
1.075	-1.220	-2.611	0.900	
1.080	-1.230	-2.789	21.400	
1.085	-1.240	-3.192	43.300	
1.090	-1.250	-3.198	51.700	
1.095	-1.260	-3.294	26.700	
1.100	-1.270	-3.704	18.400	
1.105	-1.280	-3.728	30.900	
1.110	-1.300	-3.571	25.100	
1.115	-1.310	-3.824	7.600	
1.120	-1.320	-3.925	2.800	
1.125	-1.340	-3.661	-3.600	
1.130	-1.350	-3.726	-16.200	
1.135	-1.360	-3.879	-18.500	
1.140	-1.370	-3.595	-13.500	
1.145	-1.380	-3.477	-13.000	
1.150	-1.400	-3.739	-17.700	
1.155	-1.410	-3.671	-26.700	
1.160	-1.420	-3.445	-12.800	
1.165	-1.430	-3.599	-2.800	
1.170	-1.440	-3.607	-18.200	
1.175	-1.450	-3.283	-20.700	
1.180	-1.460	-3.300	-34.700	
1.185	-1.470	-3.479	-49.000	
1.190	-1.480	-3.282	-37.600	
1.195	-1.490	-3.236	-12.700	
1.200	-1.500	-3.503	8.900	
1.205	-1.510	-3.356	-19.400	
1.210	-1.520	-3.024	-47.000	
1.215	-1.530	-3.103	15.300	
1.220	-1.540	-3.066	156.800	
1.225	-1.550	-2.724	381.500	
1.230	-1.550	-2.802	630.300	
1.235	-1.560	-3.094	735.900	
1.240	-1.570	-3.003	687.300	
1.245	-1.580	-3.056	548.800	
1.250	-1.590	-3.434	255.300	
1.255	-1.600	-3.386	-11.800	
1.260	-1.600	-3.113	-56.600	
1.265	-1.610	-3.214	-36.400	
1.270	-1.620	-3.138	-28.300	
1.275	-1.630	-2.692	-40.500	
1.280	-1.630	-2.594	-58.900	
1.285	-1.640	-2.673	-52.000	
1.290	-1.650	-2.406	-39.700	
1.295	-1.650	-2.358	-46.300	
1.300	-1.650	-2.771	-57.800	
1.305	-1.660	-2.900	-45.300	
1.310	-1.670	-2.876	-44.800	
1.315	-1.680	-3.253	-37.700	
1.320	-1.690	-3.514	-33.900	
1.325	-1.690	-3.422	-60.700	
1.330	-1.700	-3.594	-57.200	
1.335	-1.720	-3.777	-50.700	
1.340	-1.730	-3.372	-38.100	
1.345	-1.730	-2.986	-9.700	
1.350	-1.740	-2.962	-13.600	
1.355	-1.750	-2.671	-14.000	
1.360	-1.750	-2.348	-19.000	
1.365	-1.750	-2.557	-42.800	
1.370	-1.760	-2.698	-34.300	
1.375	-1.770	-2.510	-11.200	
1.380	-1.770	-2.674	-4.100	
1.385	-1.780	-3.031	-7.200	
1.390	-1.780	-3.033	-3.800	
1.395	-1.790	-3.182	17.000	
1.400	-1.800	-3.675	13.300	
1.405	-1.810	-3.761	12.700	
1.410	-1.820	-3.570	26.100	
1.415	-1.830	-3.681	33.700	
1.420	-1.840	-3.621	37.900	
1.425	-1.850	-3.212	32.500	
1.430	-1.860	-3.115	51.500	
1.435	-1.860	-3.061	51.300	
1.440	-1.870	-2.382	61.000	
1.445	-1.870	-1.500	104.300	
1.450	-1.870	-0.458	99.800	
1.455	-1.850	1.544	100.600	
1.460	-1.830	4.157	121.300	
1.465	-1.800	6.510	119.200	
1.470	-1.750	8.923	138.000	
1.475	-1.690	11.488	159.500	
1.480	-1.620	13.412	165.600	
1.485	-1.540	14.851	169.700	
1.490	-1.460	16.345	157.300	
1.495	-1.370	17.309	149.400	
1.500	-1.270	17.466	149.600	
1.505	-1.180	17.512	135.800	
1.510	-1.090	17.352	124.300	
1.515	-1.000	16.509	118.100	
1.520	-0.910	15.610	93.800	
1.525	-0.830	14.918	75.700	
1.530	-0.760	13.765	63.400	
1.535	-0.690	12.361	47.400	
1.540	-0.630	11.262	23.600	
1.545	-0.570	9.930	-11.900	
1.550	-0.520	8.152	-21.600	
1.555	-0.480	6.643	-20.300	
1.560	-0.450	5.217	-40.900	
1.565	-0.430	3.344	-56.700	
1.570	-0.420	1.612	-56.300	
1.575	-0.410	0.306	-39.300	
1.580	-0.410	-1.184	-33.800	
1.585	-0.420	-2.623	-69.500	
1.590	-0.430	-3.434	-89.100	
1.595	-0.450	-4.204	-68.800	
1.600	-0.470	-5.168	-53.500	
1.605	-0.490	-5.578	-50.700	
1.610	-0.520	-5.626	-41.700	
1.615	-0.550	-5.889	-56.800	
1.620	-0.570	-5.793	-64.600	
1.625	-0.600	-5.183	-41.300	
1.630	-0.620	-4.864	-48.900	
1.635	-0.640	-4.735	-62.400	
1.640	-0.660	-4.285	-54.400	
1.645	-0.680	-4.025	-35.800	
1.650	-0.700	-4.167	-23.200	
1.655	-0.710	-4.031	-24.400	
1.660	-0.730	-3.791	-19.200	
1.665	-0.740	-4.041	-21.300	
1.670	-0.760	-4.257	-27.200	
1.675	-0.780	-4.136	-28.300	
1.680	-0.800	-4.296	-21.500	
1.685	-0.820	-4.527	-21.800	
1.690	-0.830	-4.248	-37.700	
1.695	-0.850	-4.004	-40.500	
1.700	-0.870	-4.032	-22.300	
1.705	-0.880	-3.627	-3.800	
1.710	-0.890	-2.973	-17.900	
1.715	-0.900	-2.670	-41.600	
1.720	-0.910	-2.237	-27.400	
1.725	-0.920	-1.476	-18.800	
1.730	-0.920	-1.074	-27.000	
1.735	-0.920	-0.856	-14.300	
1.740	-0.920	-0.268	-15.600	
1.745	-0.910	0.177	-34.200	
1.750	-0.910	0.212	-32.000	
1.755	-0.900	0.508	-19.600	
1.760	-0.900	0.919	-30.700	
1.765	-0.890	0.862	-34.300	
1.770	-0.880	0.854	-23.300	
1.775	-0.870	1.195	-34.600	
1.780	-0.860	1.243	-23.500	
1.785	-0.850	1.162	-20.900	
1.790	-0.840	1.468	-50.700	
1.795	-0.830	1.589	-50.800	
1.800	-0.820	1.339	-52.400	
1.805	-0.810	1.436	-49.600	
1.810	-0.790	1.666	-31.700	
1.815	-0.780	1.424	-28.600	
1.820	-0.770	1.227	-37.100	
1.825	-0.760	1.295	-42.400	
1.830	-0.750	0.936	-27.900	
1.835	-0.750	0.326	-21.300	
1.840	-0.740	0.032	-35.800	
1.845	-0.740	-0.439	-35.700	
1.850	-0.740	-1.281	-30.200	
1.855	-0.750	-1.744	-28.200	
1.860	-0.750	-1.944	-21.000	
1.865	-0.760	-2.434	-24.000	
1.870	-0.770	-2.724	-35.900	
1.875	-0.780	-2.641	-41.400	
1.880	-0.790	-2.879	-34.800	
1.885	-0.800	-3.227	-26.400	
1.890	-0.810	-3.106	-27.500	
1.895	-0.820	-3.054	-18.300	
1.900	-0.840	-3.326	-12.300	
1.905	-0.850	-3.256	-25.300	
1.910	-0.860	-3.019	-25.200	
1.915	-0.870	-3.196	-15.600	
1.920	-0.880	-3.304	-20.500	
1.925	-0.900	-3.154	-34.000	
1.930	-0.910	-3.413	-40.500	
1.935	-0.920	-3.834	-32.700	
1.940	-0.940	-3.808	-25.500	
1.945	-0.950	-3.873	-15.700	
1.950	-0.970	-4.266	11.600	
1.955	-0.980	-4.258	-21.900	
1.960	-1.000	-3.984	-56.800	
1.965	-1.020	-4.019	-25.300	
1.970	-1.030	-3.871	-20.700	
1.975	-1.050	-3.359	-14.100	
1.980	-1.060	-3.230	-5.000	
1.985	-1.070	-3.344	-18.200	
1.990	-1.080	-3.124	-19.900	
1.995	-1.090	-3.061	-9.300	
2.000	-1.100	-3.344	10.100	
2.005	-1.110	-3.238	-4.600	
2.010	-1.120	-2.922	-34.200	
2.015	-1.130	-3.005	-37.200	
2.020	-1.140	-2.985	-17.300	
2.025	-1.150	-2.657	-2.400	
2.030	-1.160	-2.699	-24.000	
2.035	-1.170	-2.879	-36.900	
2.040	-1.180	-2.606	-23.900	
2.045	-1.180	-2.413	-25.400	
2.050	-1.190	-2.576	-26.800	
2.055	-1.200	-2.433	-3.100	
2.060	-1.200	-2.146	10.200	
2.065	-1.210	-2.283	10.700	
2.070	-1.220	-2.314	18.900	
2.075	-1.220	-2.000	35.600	
2.080	-1.220	-2.043	39.800	
2.085	-1.230	-2.286	58.800	
2.090	-1.240	-2.152	67.800	
2.095	-1.240	-2.172	15.800	
2.100	-1.250	-2.553	-12.800	
2.105	-1.250	-2.552	5.500	
2.110	-1.260	-2.331	17.000	
2.115	-1.270	-2.462	-6.800	
2.120	-1.270	-2.450	-23.900	
2.125	-1.280	-2.092	-15.400	
2.130	-1.280	-2.081	-30.100	
2.135	-1.290	-2.286	-40.600	
2.140	-1.290	-2.157	-28.500	
2.145	-1.300	-2.196	-16.700	
2.150	-1.300	-2.589	-15.000	
2.155	-1.310	-2.594	-30.800	
2.160	-1.320	-2.381	-35.600	
2.165	-1.320	-2.544	-21.100	
2.170	-1.330	-2.571	-6.300	
2.175	-1.340	-2.238	-1.000	
2.180	-1.340	-2.252	-14.800	
2.185	-1.350	-2.421	-29.200	
2.190	-1.350	-2.145	-21.800	
2.195	-1.360	-1.985	-25.300	
2.200	-1.360	-2.184	-37.800	
2.205	-1.370	-2.086	-6.800	
2.210	-1.370	-1.922	70.600	
2.215	-1.370	-2.208	199.800	
2.220	-1.380	-2.324	426.500	
2.225	-1.380	-2.043	621.300	
2.230	-1.390	-2.098	641.400	
2.235	-1.390	-2.344	534.600	
2.240	-1.400	-2.226	315.200	
2.245	-1.400	-2.252	40.900	
2.250	-1.410	-2.613	-88.400	
2.255	-1.410	-2.606	-62.600	
2.260	-1.420	-2.422	-22.600	
2.265	-1.430	-2.604	-23.200	
2.270	-1.430	-2.639	-34.700	
2.275	-1.440	-2.339	-26.800	
2.280	-1.440	-2.416	-16.900	
2.285	-1.450	-2.695	-28.200	
2.290	-1.460	-2.589	-47.000	
2.295	-1.460	-2.584	-51.200	
2.300	-1.470	-2.874	-51.100	
2.305	-1.480	-2.776	-38.100	
2.310	-1.480	-2.479	-29.400	
2.315	-1.490	-2.598	-29.400	
2.320	-1.500	-2.675	-30.500	
2.325	-1.500	-2.482	-22.400	
2.330	-1.510	-2.639	-6.500	
2.335	-1.510	-2.908	7.000	
2.340	-1.520	-2.734	4.400	
2.345	-1.530	-2.672	-13.700	
2.350	-1.530	-2.958	-12.000	
2.355	-1.540	-2.891	-0.900	
2.360	-1.550	-2.628	10.600	
2.365	-1.550	-2.726	18.900	
2.370	-1.560	-2.679	16.100	
2.375	-1.570	-2.336	22.200	
2.380	-1.570	-2.433	25.500	
2.385	-1.580	-2.752	13.100	
2.390	-1.580	-2.707	10.300	
2.395	-1.590	-2.806	20.800	
2.400	-1.600	-3.198	19.400	
2.405	-1.610	-3.128	22.500	
2.410	-1.610	-2.780	51.500	
2.415	-1.620	-2.758	73.100	
2.420	-1.630	-2.549	78.700	
2.425	-1.630	-1.989	96.900	
2.430	-1.630	-1.882	88.900	
2.435	-1.630	-2.082	71.400	
2.440	-1.640	-1.973	102.900	
2.445	-1.640	-1.998	137.900	
2.450	-1.640	-2.231	152.200	
2.455	-1.650	-1.755	164.400	
2.460	-1.640	-0.558	162.400	
2.465	-1.640	0.819	162.900	
2.470	-1.620	2.752	186.800	
2.475	-1.590	5.216	206.300	
2.480	-1.550	7.287	203.800	
2.485	-1.510	9.033	190.300	
2.490	-1.450	10.958	181.600	
2.495	-1.380	12.443	176.000	
2.500	-1.310	13.179	164.300	
2.505	-1.240	13.881	140.600	
2.510	-1.160	14.406	111.300	
2.515	-1.090	14.233	91.400	
2.520	-1.010	13.953	69.200	
2.525	-0.940	13.776	34.800	
2.530	-0.870	13.038	18.800	
2.535	-0.800	11.956	-2.700	
2.540	-0.740	11.107	-15.300	
2.545	-0.680	9.989	4.600	
2.550	-0.630	8.418	-33.800	
2.555	-0.590	7.151	-85.700	
2.560	-0.560	6.064	-86.400	
2.565	-0.530	4.598	-72.200	
2.570	-0.510	3.290	-61.300	
2.575	-0.490	2.382	-86.600	
2.580	-0.480	1.186	-94.300	
2.585	-0.470	-0.098	-92.200	
2.590	-0.470	-0.888	-99.300	
2.595	-0.480	-1.759	-73.700	
2.600	-0.490	-2.908	-55.600	
2.605	-0.500	-3.555	-62.700	
2.610	-0.520	-3.886	-69.300	
2.615	-0.540	-4.431	-65.700	
2.620	-0.560	-4.607	-56.700	
2.625	-0.580	-4.273	-55.200	
2.630	-0.590	-4.236	-50.500	
2.635	-0.610	-4.418	-47.800	
2.640	-0.630	-4.276	-50.000	
2.645	-0.650	-4.301	-45.600	
2.650	-0.670	-4.680	-47.900	
2.655	-0.690	-4.690	-38.800	
2.660	-0.710	-4.523	-37.100	
2.665	-0.730	-4.771	-40.200	
2.670	-0.750	-4.865	-23.300	
2.675	-0.770	-4.534	-7.300	
2.680	-0.790	-4.501	-23.000	
2.685	-0.810	-4.641	-55.800	
2.690	-0.830	-4.385	-65.000	
2.695	-0.850	-4.249	-38.800	
2.700	-0.860	-4.438	-1.900	
2.705	-0.880	-4.241	-27.500	
2.710	-0.900	-3.849	-44.000	
2.715	-0.910	-3.817	-29.700	
2.720	-0.930	-3.624	-31.600	
2.725	-0.940	-3.068	-18.500	
2.730	-0.950	-2.823	-21.500	
2.735	-0.960	-2.691	-37.800	
2.740	-0.970	-2.089	-41.900	
2.745	-0.970	-1.526	-32.600	
2.750	-0.970	-1.235	-34.900	
2.755	-0.970	-0.554	-32.800	
2.760	-0.970	0.312	-21.300	
2.765	-0.960	0.775	-34.600	
2.770	-0.950	1.361	-33.200	
2.775	-0.940	2.283	-28.300	
2.780	-0.920	2.771	-46.700	
2.785	-0.900	2.963	-52.600	
2.790	-0.880	3.492	-39.100	
2.795	-0.860	3.852	-19.400	
2.800	-0.840	3.704	-38.100	
2.805	-0.820	3.704	-57.700	
2.810	-0.790	3.767	-44.300	
2.815	-0.770	3.508	-38.400	
2.820	-0.750	3.542	-31.500	
2.825	-0.730	3.458	-35.100	
2.830	-0.710	1.949	-15.100	
2.835	-0.700	0.054	4.700	
2.840	-0.700	-0.317	-15.300	
2.845	-0.700	0.191	-24.900	
2.850	-0.700	0.052	-43.700	
2.855	-0.690	-0.693	-45.700	
2.860	-0.700	-1.510	-15.700	
2.865	-0.700	-2.191	-21.700	
2.870	-0.710	-2.469	-27.500	
2.875	-0.720	-2.533	-19.300	
2.880	-0.730	-2.788	-35.400	
2.885	-0.740	-2.621	-31.800	
2.890	-0.750	-1.631	-26.900	
2.895	-0.750	-1.124	-33.800	
2.900	-0.750	-1.769	-15.300	
2.905	-0.760	-2.476	14.700	
2.910	-0.770	-2.847	26.000	
2.915	-0.780	-3.217	25.100	
2.920	-0.800	-3.138	25.800	
2.925	-0.810	-2.631	32.200	
2.930	-0.820	-2.616	37.400	
2.935	-0.830	-3.010	20.000	
2.940	-0.840	-3.186	-15.600	
2.945	-0.850	-3.484	-45.100	
2.950	-0.860	-3.964	-35.700	
2.955	-0.880	-3.918	-15.300	
2.960	-0.900	-3.599	-10.000	
2.965	-0.910	-3.666	-18.100	
2.970	-0.920	-3.710	-48.100	
2.975	-0.940	-3.562	-53.300	
2.980	-0.950	-3.883	-21.800	
2.985	-0.970	-4.398	-11.800	
2.990	-0.990	-4.339	-36.500	
2.995	-1.000	-4.137	-42.200	
3.000	-1.020	-4.096	-28.200	
3.005	-1.030	-3.638	-32.000	
3.010	-1.040	-3.025	-35.400	
3.015	-1.050	-2.902	-37.900	
3.020	-1.060	-2.803	-37.600	
3.025	-1.070	-2.434	-17.900	
3.030	-1.080	-2.406	-21.300	
3.035	-1.090	-2.534	-37.700	
3.040	-1.090	-2.218	-35.800	
3.045	-1.100	-1.961	-16.900	
3.050	-1.100	-2.030	74.600	
3.055	-1.110	-1.792	254.500	
3.060	-1.110	-1.472	457.900	
3.065	-1.110	-1.686	558.400	
3.070	-1.120	-1.885	538.300	
3.075	-1.120	-1.732	440.200	
3.080	-1.130	-1.877	187.500	
3.085	-1.130	-2.152	-50.700	
3.090	-1.140	-1.982	-97.800	
3.095	-1.140	-1.921	-42.400	
3.100	-1.150	-2.203	-0.200	
3.105	-1.150	-2.132	-44.300	
3.110	-1.160	-1.891	-77.500	
3.115	-1.160	-2.046	-61.800	
3.120	-1.170	-2.062	-52.900	
3.125	-1.170	-1.704	-48.000	
3.130	-1.170	-1.683	-48.900	
3.135	-1.180	-1.784	-45.600	
3.140	-1.180	-1.436	-29.400	
3.145	-1.180	-1.251	-20.600	
3.150	-1.180	-1.501	-13.300	
3.155	-1.180	-1.463	-16.500	
3.160	-1.190	-1.264	-41.200	
3.165	-1.190	-1.456	-35.800	
3.170	-1.190	-1.531	-24.900	
3.175	-1.190	-1.296	-36.900	
3.180	-1.190	-1.443	-50.300	
3.185	-1.190	-1.773	-36.600	
3.190	-1.200	-1.681	-11.300	
3.195	-1.200	-1.668	-9.000	
3.200	-1.200	-1.964	-6.900	
3.205	-1.210	-1.908	-6.200	
3.210	-1.210	-1.700	-10.100	
3.215	-1.220	-1.921	-0.700	
3.220	-1.220	-2.027	9.700	
3.225	-1.220	-1.756	18.700	
3.230	-1.230	-1.828	24.000	
3.235	-1.230	-2.109	21.300	
3.240	-1.240	-2.043	38.800	
3.245	-1.240	-2.155	39.000	
3.250	-1.250	-2.649	26.300	
3.255	-1.250	-2.768	30.700	
3.260	-1.260	-2.595	47.300	
3.265	-1.270	-2.689	59.600	
3.270	-1.280	-2.591	70.200	
3.275	-1.280	-2.100	95.500	
3.280	-1.290	-1.949	102.100	
3.285	-1.290	-1.998	110.500	
3.290	-1.290	-1.571	128.000	
3.295	-1.290	-1.046	134.700	
3.300	-1.290	-0.549	144.300	
3.305	-1.290	0.666	168.000	
3.310	-1.270	2.370	192.200	
3.315	-1.250	3.849	203.500	
3.320	-1.220	5.514	208.200	
3.325	-1.190	7.534	179.800	
3.330	-1.140	9.134	146.800	
3.335	-1.080	10.372	163.900	
3.340	-1.020	11.724	169.000	
3.345	-0.960	12.627	126.400	
3.350	-0.890	12.857	69.000	
3.355	-0.820	13.118	33.900	
3.360	-0.750	13.286	27.300	
3.365	-0.680	12.803	8.600	
3.370	-0.620	12.210	-15.400	
3.375	-0.550	11.794	-49.300	
3.380	-0.500	10.892	-89.900	
3.385	-0.440	9.707	-85.700	
3.390	-0.390	8.822	-68.600	
3.395	-0.350	7.691	-70.400	
3.400	-0.310	6.105	-75.700	
3.405	-0.290	4.828	-85.600	
3.410	-0.260	3.728	-100.200	
3.415	-0.250	2.235	-113.100	
3.420	-0.240	0.896	-101.300	
3.425	-0.240	0.013	-92.600	
3.430	-0.240	-0.999	-103.400	
3.435	-0.240	-1.945	-103.400	
3.440	-0.250	-2.340	-102.100	
3.445	-0.260	-2.777	-105.300	
3.450	-0.280	-3.492	-88.300	
3.455	-0.300	-3.744	-77.600	
3.460	-0.310	-3.666	-97.200	
3.465	-0.330	-3.863	-95.400	
3.470	-0.350	-3.881	-63.400	
3.475	-0.360	-3.558	-41.600	
3.480	-0.380	-3.627	-65.200	
3.485	-0.400	-3.903	-82.400	
3.490	-0.420	-3.777	-71.200	
3.495	-0.430	-3.781	-51.600	
3.500	-0.450	-4.158	-42.400	
3.505	-0.470	-4.214	-71.500	
3.510	-0.490	-4.118	-73.300	
3.515	-0.510	-4.449	-54.200	
3.520	-0.530	-4.630	-51.300	
3.525	-0.550	-4.367	-53.600	
3.530	-0.570	-4.346	-56.000	
3.535	-0.590	-4.414	-50.500	
3.540	-0.600	-4.001	-53.200	
3.545	-0.620	-3.644	-59.200	
3.550	-0.640	-3.636	-48.500	
3.555	-0.650	-3.301	-33.700	
3.560	-0.660	-2.801	-36.700	
3.565	-0.670	-2.735	-54.700	
3.570	-0.680	-2.589	-61.500	
3.575	-0.690	-2.098	-58.300	
3.580	-0.700	-1.951	-60.000	
3.585	-0.700	-1.928	-41.400	
3.590	-0.710	-1.408	-29.800	
3.595	-0.710	-0.918	-43.200	
3.600	-0.710	-0.686	-53.100	
3.605	-0.710	-0.028	-25.200	
3.610	-0.710	0.856	-20.700	
3.615	-0.700	1.297	-69.100	
3.620	-0.690	1.804	-71.900	
3.625	-0.670	2.643	-49.200	
3.630	-0.660	3.051	-29.700	
3.635	-0.640	3.169	-28.300	
3.640	-0.620	3.545	-49.700	
3.645	-0.600	3.638	-33.100	
3.650	-0.580	3.236	-37.700	
3.655	-0.560	3.034	-61.200	
3.660	-0.540	2.885	-38.400	
3.665	-0.530	2.259	-25.000	
3.670	-0.510	1.728	-24.500	
3.675	-0.500	1.554	-20.600	
3.680	-0.490	1.006	-27.800	
3.685	-0.490	0.251	-30.100	
3.690	-0.490	-0.079	-16.900	
3.695	-0.490	-0.469	-22.700	
3.700	-0.490	-1.143	-22.800	
3.705	-0.490	-1.414	-23.900	
3.710	-0.500	-1.446	-29.200	
3.715	-0.500	-1.840	-1.000	
3.720	-0.510	-2.101	17.300	
3.725	-0.520	-1.962	29.300	
3.730	-0.530	-2.075	42.900	
3.735	-0.530	-2.308	20.700	
3.740	-0.540	-2.132	-1.700	
3.745	-0.550	-2.126	-8.800	
3.750	-0.560	-2.629	-26.100	
3.755	-0.570	-2.908	-25.800	
3.760	-0.580	-2.976	-31.100	
3.765	-0.600	-3.374	-34.200	
3.770	-0.610	-3.618	-30.400	
3.775	-0.630	-3.466	-40.600	
3.780	-0.640	-3.657	-37.900	
3.785	-0.660	-4.031	-30.700	
3.790	-0.670	-3.951	-35.300	
3.795	-0.690	-3.908	-42.600	
3.800	-0.710	-4.158	-54.000	
3.805	-0.720	-4.047	-42.300	
3.810	-0.740	-3.769	-24.700	
3.815	-0.760	-3.923	-40.900	
3.820	-0.770	-3.971	-45.000	
3.825	-0.790	-3.634	-39.200	
3.830	-0.800	-3.603	-33.500	
3.835	-0.820	-3.722	-21.800	
3.840	-0.830	-3.432	-33.100	
3.845	-0.840	-3.270	-23.600	
3.850	-0.860	-3.486	64.500	
3.855	-0.870	-3.371	229.500	
3.860	-0.880	-3.064	448.300	
3.865	-0.890	-3.143	598.100	
3.870	-0.910	-3.106	603.600	
3.875	-0.920	-2.699	523.700	
3.880	-0.930	-2.614	329.600	
3.885	-0.930	-2.718	67.800	
3.890	-0.940	-2.420	-71.400	
3.895	-0.950	-2.240	-80.300	
3.900	-0.960	-2.458	-42.100	
3.905	-0.970	-2.402	-21.100	
3.910	-0.970	-2.233	-29.600	
3.915	-0.980	-2.466	-44.300	
3.920	-0.990	-2.501	-71.000	
3.925	-1.000	-2.078	-78.800	
3.930	-1.000	-1.963	-53.800	
3.935	-1.010	-2.072	-36.300	
3.940	-1.010	-1.811	-28.000	
3.945	-1.010	-1.670	-32.500	
3.950	-1.020	-1.944	-52.200	
3.955	-1.020	-1.988	-43.300	
3.960	-1.030	-1.927	-31.500	
3.965	-1.030	-2.297	-26.600	
3.970	-1.040	-2.535	-23.200	
3.975	-1.050	-2.364	-30.400	
3.980	-1.060	-2.489	-39.500	
3.985	-1.070	-2.729	-23.500	
3.990	-1.070	-2.452	-6.800	
3.995	-1.080	-2.203	-21.700	
4.000	-1.090	-2.298	-14.900	
4.005	-1.090	-2.126	-20.200	
4.010	-1.100	-1.906	-15.900	
4.015	-1.100	-2.238	14.100	
4.020	-1.110	-2.533	5.900	
4.025	-1.120	-2.406	-7.900	
4.030	-1.120	-2.495	-21.300	
4.035	-1.130	-2.694	-19.500	
4.040	-1.140	-2.478	1.400	
4.045	-1.150	-2.409	10.100	
4.050	-1.150	-2.757	34.400	
4.055	-1.160	-2.805	58.400	
4.060	-1.170	-2.654	40.100	
4.065	-1.180	-2.849	35.500	
4.070	-1.190	-2.839	60.800	
4.075	-1.200	-2.310	74.700	
4.080	-1.200	-1.872	95.200	
4.085	-1.200	-1.251	118.400	
4.090	-1.200	0.218	108.100	
4.095	-1.190	2.011	103.300	
4.100	-1.170	3.714	155.500	
4.105	-1.140	5.768	181.100	
4.110	-1.100	7.859	153.900	
4.115	-1.050	9.321	149.200	
4.120	-1.000	10.622	161.700	
4.125	-0.940	12.004	169.800	
4.130	-0.870	12.756	163.600	
4.135	-0.800	13.034	160.600	
4.140	-0.730	13.499	157.800	
4.145	-0.660	13.661	121.700	
4.150	-0.590	13.244	67.500	
4.155	-0.520	12.935	33.000	
4.160	-0.460	12.593	19.500	
4.165	-0.400	11.679	9.900	
4.170	-0.340	10.762	-1.800	
4.175	-0.280	10.118	-20.900	
4.180	-0.230	9.034	-25.100	
4.185	-0.190	7.676	-47.100	
4.190	-0.160	6.684	-69.600	
4.195	-0.120	5.588	-41.900	
4.200	-0.100	4.119	-60.900	
4.205	-0.080	2.942	-101.800	
4.210	-0.070	1.899	-86.200	
4.215	-0.060	0.416	-78.100	
4.220	-0.060	-0.904	-79.800	
4.225	-0.070	-1.694	-80.000	
4.230	-0.080	-2.586	-91.500	
4.235	-0.100	-3.416	-94.500	
4.240	-0.110	-3.658	-93.800	
4.245	-0.130	-3.923	-92.600	
4.250	-0.150	-4.503	-86.000	
4.255	-0.170	-4.666	-83.900	
4.260	-0.200	-4.496	-83.800	
4.265	-0.220	-4.536	-77.900	
4.270	-0.240	-4.298	-71.100	
4.275	-0.260	-3.576	-61.400	
4.280	-0.270	-3.181	-57.100	
4.285	-0.290	-3.066	-78.100	
4.290	-0.300	-2.673	-90.200	
4.295	-0.310	-2.590	-65.200	
4.300	-0.320	-3.074	-46.400	
4.305	-0.340	-3.329	-55.300	
4.310	-0.350	-3.427	-72.200	
4.315	-0.370	-3.918	-68.300	
4.320	-0.390	-4.249	-52.100	
4.325	-0.410	-4.098	-50.500	
4.330	-0.430	-4.143	-37.800	
4.335	-0.450	-4.274	-32.100	
4.340	-0.470	-3.892	-52.400	
4.345	-0.480	-3.488	-48.200	
4.350	-0.500	-3.374	-36.100	
4.355	-0.510	-2.931	-50.200	
4.360	-0.520	-2.323	-62.400	
4.365	-0.530	-2.165	-33.400	
4.370	-0.540	-1.994	-20.700	
4.375	-0.540	-1.502	-55.700	
4.380	-0.550	-1.323	-58.300	
4.385	-0.550	-1.328	-51.000	
4.390	-0.560	-0.912	-45.900	
4.395	-0.560	-0.596	-19.800	
4.400	-0.560	-0.683	-18.500	
4.405	-0.560	-0.444	-44.900	
4.410	-0.560	0.006	-57.400	
4.415	-0.550	0.022	-35.600	
4.420	-0.550	0.059	-32.400	
4.425	-0.550	0.449	-50.200	
4.430	-0.540	0.584	-35.500	
4.435	-0.540	0.619	-30.800	
4.440	-0.530	1.089	-30.300	
4.445	-0.520	1.379	-20.000	
4.450	-0.510	1.134	-35.800	
4.455	-0.500	1.025	-36.200	
4.460	-0.500	0.949	-21.500	
4.465	-0.490	0.373	-11.800	
4.470	-0.490	-0.100	-11.700	
4.475	-0.490	-0.127	-39.800	
4.480	-0.490	-0.409	-49.600	
4.485	-0.490	-0.846	-40.100	
4.490	-0.490	-0.884	-38.900	
4.495	-0.490	-1.074	-20.200	
4.500	-0.500	-1.718	-3.600	
4.505	-0.500	-2.092	-22.500	
4.510	-0.510	-2.313	-35.600	
4.515	-0.520	-2.933	-17.000	
4.520	-0.540	-3.364	-8.400	
4.525	-0.550	-3.327	-22.800	
4.530	-0.570	-3.546	-28.100	
4.535	-0.580	-3.871	-13.900	
4.540	-0.600	-3.708	-17.200	
4.545	-0.610	-3.576	-31.000	
4.550	-0.630	-3.788	-21.200	
4.555	-0.640	-3.689	-13.100	
4.560	-0.660	-3.449	-13.500	
4.565	-0.670	-3.696	-11.500	
4.570	-0.690	-3.901	-13.000	
4.575	-0.710	-3.749	-19.800	
4.580	-0.720	-3.888	-37.300	
4.585	-0.740	-4.142	-31.700	
4.590	-0.760	-3.921	-9.600	
4.595	-0.770	-3.784	-21.300	
4.600	-0.790	-4.071	-12.700	
4.605	-0.800	-4.094	-2.500	
4.610	-0.820	-3.964	-16.700	
4.615	-0.840	-4.263	-24.000	
4.620	-0.850	-4.435	-38.300	
4.625	-0.870	-4.154	-8.800	
4.630	-0.890	-4.132	11.000	
4.635	-0.910	-4.281	-29.000	
4.640	-0.920	-3.976	-30.300	
4.645	-0.940	-3.681	-20.700	
4.650	-0.950	-3.704	-22.600	
4.655	-0.960	-3.419	-19.700	
4.660	-0.980	-3.005	-29.300	
4.665	-0.990	-3.072	-33.800	
4.670	-1.000	-3.138	-23.800	
4.675	-1.010	-2.935	-11.800	
4.680	-1.020	-3.096	-24.200	
4.685	-1.030	-3.424	-18.100	
4.690	-1.040	-3.313	-4.500	
4.695	-1.050	-3.269	-22.900	
4.700	-1.070	-3.577	-24.200	
4.705	-1.080	-3.547	3.000	
4.710	-1.090	-3.304	-8.300	
4.715	-1.100	-3.423	-37.200	
4.720	-1.120	-3.375	-22.600	
4.725	-1.130	-2.890	-4.100	
4.730	-1.140	-2.711	11.000	
4.735	-1.140	-2.732	26.900	
4.740	-1.150	-2.366	34.200	
4.745	-1.160	-2.148	27.700	
4.750	-1.160	-2.360	2.100	
4.755	-1.170	-2.313	3.200	
4.760	-1.180	-2.183	22.400	
4.765	-1.180	-2.596	22.700	
4.770	-1.190	-3.004	24.600	
4.775	-1.200	-3.060	17.400	
4.780	-1.210	-3.381	-14.700	
4.785	-1.220	-3.779	-31.000	
4.790	-1.240	-3.614	-21.300	
4.795	-1.250	-3.387	-29.600	
4.800	-1.260	-3.427	-32.200	
4.805	-1.270	-3.105	-17.700	
4.810	-1.280	-2.596	-21.300	
4.815	-1.280	-2.569	-31.300	
4.820	-1.290	-2.578	-37.000	
4.825	-1.300	-2.308	-31.100	
4.830	-1.300	-2.446	-34.100	
4.835	-1.310	-2.854	-24.700	
4.840	-1.320	-2.883	-19.600	
4.845	-1.330	-3.007	-43.300	
4.850	-1.340	-3.474	-40.700	
4.855	-1.350	-3.567	-42.400	
4.860	-1.360	-3.406	-46.800	
4.865	-1.370	-3.609	-24.300	
4.870	-1.380	-3.692	9.200	
4.875	-1.400	-3.371	83.100	
4.880	-1.410	-3.350	276.300	
4.885	-1.420	-3.508	543.300	
4.890	-1.430	-3.263	721.300	
4.895	-1.440	-3.156	721.500	
4.900	-1.450	-3.497	592.500	
4.905	-1.460	-3.595	379.400	
4.910	-1.470	-3.546	108.000	
4.915	-1.480	-3.872	-24.500	
4.920	-1.490	-3.969	-35.000	
4.925	-1.510	-3.517	-31.100	
4.930	-1.520	-3.243	-3.000	
4.935	-1.520	-3.115	-40.100	
4.940	-1.530	-2.650	-73.700	
4.945	-1.540	-2.420	-51.900	
4.950	-1.540	-2.712	-57.300	
4.955	-1.550	-2.756	-67.600	
4.960	-1.560	-2.593	-53.800	
4.965	-1.560	-2.827	-45.600	
4.970	-1.570	-3.024	-58.600	
4.975	-1.580	-2.910	-62.600	
4.980	-1.590	-3.118	-60.700	
4.985	-1.590	-3.499	-48.800	
4.990	-1.600	-3.454	-32.400	
4.995	-1.610	-3.475	-49.000	
5.000	-1.630	-3.827	-43.700	
5.005	-1.640	-3.810	-20.600	
5.010	-1.650	-3.576	-16.300	
5.015	-1.660	-3.777	-27.600	
5.020	-1.670	-3.903	-39.000	
5.025	-1.680	-3.636	-32.400	
5.030	-1.690	-3.683	-29.400	
5.035	-1.700	-3.941	-18.000	
5.040	-1.720	-3.783	2.000	
5.045	-1.730	-3.651	1.600	
5.050	-1.740	-3.819	-8.300	
5.055	-1.750	-3.618	-0.600	
5.060	-1.760	-3.212	4.000	
5.065	-1.760	-3.250	-2.800	
5.070	-1.770	-3.271	-0.200	
5.075	-1.780	-2.956	2.600	
5.080	-1.790	-2.937	8.300	
5.085	-1.790	-3.049	21.300	
5.090	-1.800	-2.587	62.200	
5.095	-1.800	-1.919	92.300	
5.100	-1.800	-1.145	67.700	
5.105	-1.790	0.604	80.600	
5.110	-1.780	3.156	92.600	
5.115	-1.750	5.584	78.400	
5.120	-1.710	8.026	115.700	
5.125	-1.650	10.571	138.800	
5.130	-1.590	12.456	150.000	
5.135	-1.510	13.785	154.600	
5.140	-1.430	15.191	135.800	
5.145	-1.350	16.181	128.500	
5.150	-1.260	16.450	145.600	
5.155	-1.170	16.731	143.500	
5.160	-1.080	16.931	135.500	
5.165	-0.990	16.449	149.800	
5.170	-0.910	15.861	128.800	
5.175	-0.830	15.520	92.300	
5.180	-0.750	14.716	71.600	
5.185	-0.670	13.543	48.500	
5.190	-0.610	12.634	27.500	
5.195	-0.540	11.545	9.200	
5.200	-0.490	10.033	-4.800	
5.205	-0.440	8.815	-21.000	
5.210	-0.390	7.762	-43.900	
5.215	-0.360	6.196	-54.300	
5.220	-0.330	4.569	-75.400	
5.225	-0.310	3.183	-77.900	
5.230	-0.290	1.362	-58.700	
5.235	-0.290	-0.661	-72.200	
5.240	-0.300	-2.100	-76.200	
5.245	-0.310	-3.354	-72.400	
5.250	-0.330	-4.696	-82.800	
5.255	-0.350	-5.452	-89.900	
5.260	-0.380	-5.751	-88.900	
5.265	-0.410	-6.215	-89.100	
5.270	-0.440	-6.386	-80.200	
5.275	-0.470	-5.995	-33.800	
5.280	-0.490	-5.742	-34.600	
5.285	-0.520	-5.499	-83.200	
5.290	-0.540	-4.679	-88.200	
5.295	-0.560	-3.873	-88.100	
5.300	-0.580	-3.487	-74.100	
5.305	-0.590	-2.880	-50.100	
5.310	-0.600	-2.163	-53.600	
5.315	-0.610	-1.941	-56.100	
5.320	-0.610	-1.740	-47.700	
5.325	-0.620	-1.292	-54.700	
5.330	-0.620	-1.294	-63.300	
5.335	-0.630	-1.639	-43.800	
5.340	-0.630	-1.720	-32.100	
5.345	-0.640	-1.988	-24.300	
5.350	-0.650	-2.683	-32.500	
5.355	-0.660	-3.043	-56.400	
5.360	-0.670	-3.080	-53.600	
5.365	-0.680	-3.357	-24.000	
5.370	-0.700	-3.383	-8.100	
5.375	-0.710	-2.892	-33.300	
5.380	-0.720	-2.643	-56.900	
5.385	-0.730	-2.561	-37.700	
5.390	-0.740	-2.071	-26.800	
5.395	-0.740	-1.672	-34.900	
5.400	-0.750	-1.659	-27.300	
5.405	-0.750	-1.374	-30.500	
5.410	-0.760	-0.957	-39.900	
5.415	-0.760	-1.013	-35.600	
5.420	-0.760	-1.029	-28.600	
5.425	-0.760	-0.689	-31.100	
5.430	-0.760	-0.675	-10.900	
5.435	-0.760	-0.848	3.000	
5.440	-0.760	-0.564	-37.400	
5.445	-0.760	-0.316	-51.600	
5.450	-0.760	-0.419	-26.200	
5.455	-0.760	-0.213	-21.800	
5.460	-0.750	0.154	-9.800	
5.465	-0.750	0.052	-8.400	
5.470	-0.740	-0.027	-47.700	
5.475	-0.740	0.254	-56.500	
5.480	-0.740	0.203	-21.300	
5.485	-0.730	-0.103	-6.100	
5.490	-0.730	-0.016	-11.800	
5.495	-0.730	-0.007	0.000	
5.500	-0.720	-0.424	-18.800	
5.505	-0.720	-0.582	-50.600	
5.510	-0.720	-0.560	-43.000	
5.515	-0.720	-0.943	-37.700	
5.520	-0.720	-1.231	-27.900	
5.525	-0.730	-1.160	-13.600	
5.530	-0.730	-1.463	-19.800	
5.535	-0.740	-2.042	-33.800	
5.540	-0.740	-2.252	-29.700	
5.545	-0.750	-2.524	-11.000	
5.550	-0.760	-3.156	-16.400	
5.555	-0.780	-3.447	-39.500	
5.560	-0.790	-3.486	-24.000	
5.565	-0.800	-3.929	17.200	
5.570	-0.820	-4.306	-3.800	
5.575	-0.840	-4.270	-39.500	
5.580	-0.860	-4.487	-28.100	
5.585	-0.880	-4.839	-19.000	
5.590	-0.900	-4.680	-17.200	
5.595	-0.920	-4.506	-12.300	
5.600	-0.930	-4.652	-3.300	
5.605	-0.950	-4.463	-13.800	
5.610	-0.970	-4.069	-21.200	
5.615	-0.980	-4.080	-23.800	
5.620	-1.000	-3.999	-30.000	
5.625	-1.010	-3.510	-22.100	
5.630	-1.030	-3.307	-28.100	
5.635	-1.040	-3.329	-15.000	
5.640	-1.050	-2.997	-8.700	
5.645	-1.060	-2.832	-27.300	
5.650	-1.070	-3.151	-14.300	
5.655	-1.080	-3.243	1.400	
5.660	-1.090	-3.173	-13.900	
5.665	-1.100	-3.503	-30.800	
5.670	-1.120	-3.750	-36.300	
5.675	-1.130	-3.604	-17.900	
5.680	-1.140	-3.701	7.400	
5.685	-1.160	-3.901	-1.000	
5.690	-1.170	-3.578	-15.200	
5.695	-1.180	-3.284	-12.500	
5.700	-1.190	-3.414	-1.900	
5.705	-1.200	-3.239	-6.100	
5.710	-1.210	-2.778	-16.600	
5.715	-1.220	-2.658	-3.900	
5.720	-1.230	-2.462	2.600	
5.725	-1.230	-1.934	-9.100	
5.730	-1.240	-1.829	-14.700	
5.735	-1.240	-2.069	4.000	
5.740	-1.250	-1.950	4.500	
5.745	-1.250	-1.894	-28.500	
5.750	-1.250	-2.212	-29.900	
5.755	-1.260	-2.217	1.300	
5.760	-1.270	-2.039	27.100	
5.765	-1.270	-2.356	18.800	
5.770	-1.280	-2.672	-10.900	
5.775	-1.280	-2.614	-23.500	
5.780	-1.290	-2.847	-3.400	
5.785	-1.300	-3.239	22.500	
5.790	-1.310	-3.099	0.200	
5.795	-1.320	-2.880	-15.000	
5.800	-1.330	-2.991	-10.600	
5.805	-1.340	-2.841	-14.500	
5.810	-1.350	-2.535	-8.800	
5.815	-1.350	-2.696	-4.800	
5.820	-1.360	-2.836	6.900	
5.825	-1.370	-2.574	20.400	
5.830	-1.370	-2.585	12.800	
5.835	-1.380	-2.833	11.000	
5.840	-1.390	-2.670	2.800	
5.845	-1.390	-2.509	-16.400	
5.850	-1.400	-2.671	-2.300	
5.855	-1.410	-2.514	13.900	
5.860	-1.410	-2.186	7.100	
5.865	-1.420	-2.370	12.000	
5.870	-1.420	-2.601	20.600	
5.875	-1.430	-2.536	12.300	
5.880	-1.440	-2.792	10.100	
5.885	-1.450	-3.183	9.400	
5.890	-1.450	-3.074	17.200	
5.895	-1.460	-2.966	12.800	
5.900	-1.470	-3.221	7.600	
5.905	-1.480	-3.179	26.900	
5.910	-1.490	-2.949	37.600	
5.915	-1.500	-3.178	45.900	
5.920	-1.510	-3.354	72.800	
5.925	-1.520	-3.113	80.800	
5.930	-1.520	-3.156	72.900	
5.935	-1.530	-3.413	58.400	
5.940	-1.540	-3.260	23.700	
5.945	-1.550	-3.133	29.300	
5.950	-1.560	-3.380	38.200	
5.955	-1.570	-3.367	14.000	
5.960	-1.580	-3.172	2.000	
5.965	-1.590	-3.416	16.700	
5.970	-1.600	-3.621	20.800	
5.975	-1.610	-3.416	-7.200	
5.980	-1.620	-3.452	-28.300	
5.985	-1.630	-3.636	-27.600	
5.990	-1.640	-3.374	-15.100	
5.995	-1.650	-3.206	-11.600	
6.000	-1.660	-3.476	-20.200	
6.005	-1.670	-3.474	-24.400	
6.010	-1.680	-3.250	-24.200	
6.015	-1.690	-3.393	-26.700	
6.020	-1.700	-3.454	-27.600	
6.025	-1.710	-3.160	-22.000	
6.030	-1.710	-3.206	-4.600	
6.035	-1.720	-3.471	-0.700	
6.040	-1.730	-3.302	1.500	
6.045	-1.740	-3.155	26.100	
6.050	-1.750	-3.349	84.500	
6.055	-1.760	-3.206	283.500	
6.060	-1.760	-2.843	562.000	
6.065	-1.770	-2.937	715.700	
6.070	-1.780	-3.060	736.300	
6.075	-1.780	-2.877	670.500	
6.080	-1.790	-3.011	462.900	
6.085	-1.800	-3.328	161.100	
6.090	-1.800	-3.192	-19.100	
6.095	-1.810	-3.081	-55.000	
6.100	-1.820	-3.329	-53.900	
6.105	-1.830	-3.271	-34.900	
6.110	-1.840	-2.991	-25.400	
6.115	-1.840	-3.085	-32.500	
6.120	-1.850	-3.083	-41.700	
6.125	-1.860	-2.699	-47.300	
6.130	-1.860	-2.655	-49.200	
6.135	-1.870	-2.904	-57.000	
6.140	-1.870	-2.830	-49.000	
6.145	-1.880	-2.859	-58.200	
6.150	-1.880	-3.272	-53.100	
6.155	-1.890	-3.339	-15.500	
6.160	-1.900	-3.100	-16.500	
6.165	-1.910	-3.209	-31.300	
6.170	-1.910	-3.241	-31.500	
6.175	-1.920	-2.916	-23.700	
6.180	-1.930	-2.972	-26.000	
6.185	-1.930	-3.323	-28.200	
6.190	-1.940	-3.288	-7.000	
6.195	-1.950	-3.256	-11.700	
6.200	-1.960	-3.521	-34.200	
6.205	-1.960	-3.397	-20.600	
6.210	-1.970	-3.027	-27.800	
6.215	-1.980	-3.112	-38.400	
6.220	-1.980	-3.207	1.100	
6.225	-1.990	-2.982	20.200	
6.230	-2.000	-3.138	-8.600	
6.235	-2.000	-3.564	-21.100	
6.240	-2.010	-3.559	8.000	
6.245	-2.020	-3.502	31.800	
6.250	-2.030	-3.698	16.500	
6.255	-2.040	-3.492	13.900	
6.260	-2.050	-2.994	50.800	
6.265	-2.050	-2.825	63.300	
6.270	-2.060	-2.465	61.300	
6.275	-2.060	-1.498	68.000	
6.280	-2.050	-0.458	70.900	
6.285	-2.040	0.883	92.800	
6.290	-2.020	3.131	115.000	
6.295	-1.990	5.612	133.000	
6.300	-1.950	7.739	122.700	
6.305	-1.890	10.038	106.700	
6.310	-1.830	12.314	126.900	
6.315	-1.760	13.849	149.300	
6.320	-1.680	15.058	158.700	
6.325	-1.590	16.278	143.500	
6.330	-1.500	16.881	122.500	
6.335	-1.410	16.984	120.000	
6.340	-1.320	17.232	125.700	
6.345	-1.220	17.178	120.400	
6.350	-1.140	16.455	92.200	
6.355	-1.050	15.717	71.500	
6.360	-0.970	14.959	71.400	
6.365	-0.890	13.637	51.800	
6.370	-0.820	12.224	15.200	
6.375	-0.760	11.073	-20.500	
6.380	-0.710	9.573	-34.800	
6.385	-0.660	7.849	-32.900	
6.390	-0.620	6.559	-55.800	
6.395	-0.590	5.240	-55.100	
6.400	-0.560	3.511	-64.700	
6.405	-0.550	2.021	-102.100	
6.410	-0.540	0.734	-95.600	
6.415	-0.540	-0.884	-91.800	
6.420	-0.540	-2.302	-101.000	
6.425	-0.550	-3.131	-86.800	
6.430	-0.570	-3.999	-83.800	
6.435	-0.590	-4.832	-94.000	
6.440	-0.610	-5.047	-85.600	
6.445	-0.630	-5.150	-86.100	
6.450	-0.660	-5.534	-83.900	
6.455	-0.680	-5.559	-73.800	
6.460	-0.710	-5.286	-69.000	
6.465	-0.730	-5.312	-74.600	
6.470	-0.750	-5.133	-91.100	
6.475	-0.770	-4.451	-77.000	
6.480	-0.790	-4.056	-57.000	
6.485	-0.810	-3.909	-69.800	
6.490	-0.820	-3.370	-65.000	
6.495	-0.830	-2.962	-49.800	
6.500	-0.840	-3.069	-72.200	
6.505	-0.860	-2.980	-63.600	
6.510	-0.870	-2.744	-41.400	
6.515	-0.880	-2.964	-52.900	
6.520	-0.890	-3.175	-73.600	
6.525	-0.900	-2.989	-60.300	
6.530	-0.910	-3.029	-40.800	
6.535	-0.920	-3.238	-51.400	
6.540	-0.930	-2.973	-51.900	
6.545	-0.940	-2.672	-39.100	
6.550	-0.950	-2.706	-29.900	
6.555	-0.960	-2.423	-34.300	
6.560	-0.970	-1.883	-40.300	
6.565	-0.970	-1.716	-40.200	
6.570	-0.970	-1.533	-37.000	
6.575	-0.980	-1.046	-41.600	
6.580	-0.980	-0.922	-32.100	
6.585	-0.980	-1.048	-24.600	
6.590	-0.980	-0.719	-33.100	
6.595	-0.970	-0.353	-31.000	
6.600	-0.970	-0.342	-45.400	
6.605	-0.970	-0.086	-37.800	
6.610	-0.960	0.347	-30.700	
6.615	-0.960	0.391	-57.200	
6.620	-0.950	0.522	-58.100	
6.625	-0.940	1.080	-57.700	
6.630	-0.930	1.366	-54.500	
6.635	-0.920	1.381	-41.700	
6.640	-0.910	1.716	-30.500	
6.645	-0.900	1.899	-7.000	
6.650	-0.880	1.616	-22.900	
6.655	-0.870	1.581	-59.800	
6.660	-0.860	1.710	-49.900	
6.665	-0.850	1.339	-52.500	
6.670	-0.840	0.883	-67.600	
6.675	-0.830	0.685	-52.500	
6.680	-0.820	0.098	-51.600	
6.685	-0.820	-0.791	-44.000	
6.690	-0.820	-1.262	-36.000	
6.695	-0.830	-1.677	-45.900	
6.700	-0.830	-2.334	-42.300	
6.705	-0.840	-2.543	-44.700	
6.710	-0.850	-2.433	-52.200	
6.715	-0.860	-2.672	-44.500	
6.720	-0.870	-2.824	-44.500	
6.725	-0.880	-2.601	-55.300	
6.730	-0.890	-2.713	-49.800	
6.735	-0.900	-3.071	-40.200	
6.740	-0.910	-3.021	-37.000	
6.745	-0.920	-3.033	-34.200	
6.750	-0.930	-3.437	-33.800	
6.755	-0.950	-3.541	-45.200	
6.760	-0.960	-3.421	-45.700	
6.765	-0.970	-3.689	-44.600	
6.770	-0.990	-3.864	-33.300	
6.775	-1.000	-3.611	-8.300	
6.780	-1.010	-3.633	-26.700	
6.785	-1.030	-3.888	-63.800	
6.790	-1.040	-3.746	-57.300	
6.795	-1.060	-3.624	-38.000	
6.800	-1.070	-3.844	-38.100	
6.805	-1.080	-3.744	-35.200	
6.810	-1.100	-3.399	-42.600	
6.815	-1.110	-3.472	-34.800	
6.820	-1.120	-3.536	-22.300	
6.825	-1.130	-3.245	-40.300	
6.830	-1.140	-3.247	-31.500	
6.835	-1.160	-3.474	-14.200	
6.840	-1.170	-3.312	-20.500	
6.845	-1.180	-3.229	-29.000	
6.850	-1.190	-3.549	-28.800	
6.855	-1.200	-3.522	-24.000	
6.860	-1.210	-3.169	-13.900	
6.865	-1.220	-3.114	-7.800	
6.870	-1.230	-2.942	-31.300	
6.875	-1.240	-2.393	-34.800	
6.880	-1.250	-2.198	-30.800	
6.885	-1.250	-2.295	-34.300	
6.890	-1.260	-2.041	-14.300	
6.895	-1.260	-1.889	-17.300	
6.900	-1.270	-2.174	-31.100	
6.905	-1.270	-2.158	-29.800	
6.910	-1.280	-1.877	-40.500	
6.915	-1.280	-2.007	-33.200	
6.920	-1.280	-2.116	-15.300	
6.925	-1.290	-1.867	-23.500	
6.930	-1.290	-1.948	-3.200	
6.935	-1.290	-2.304	4.100	
6.940	-1.300	-2.291	-32.900	
6.945	-1.310	-2.294	-27.800	
6.950	-1.310	-2.608	-20.300	
6.955	-1.320	-2.549	-31.100	
6.960	-1.330	-2.225	-23.500	
6.965	-1.330	-2.346	-12.100	
6.970	-1.340	-2.498	-1.300	
6.975	-1.340	-2.319	-10.800	
6.980	-1.350	-2.400	-25.300	
6.985	-1.350	-2.606	-9.000	
6.990	-1.360	-2.322	-11.300	
6.995	-1.370	-2.055	-19.500	
7.000	-1.370	-2.204	5.100	
7.005	-1.380	-2.152	-9.200	
7.010	-1.380	-1.934	-22.900	
7.015	-1.380	-2.104	1.100	
7.020	-1.390	-2.224	16.500	
7.025	-1.390	-1.969	33.600	
7.030	-1.390	-2.021	49.100	
7.035	-1.400	-2.356	43.400	
7.040	-1.400	-2.332	35.800	
7.045	-1.410	-2.330	56.500	
7.050	-1.420	-2.671	45.100	
7.055	-1.420	-2.696	25.500	
7.060	-1.430	-2.486	25.300	
7.065	-1.440	-2.708	9.000	
7.070	-1.440	-2.902	5.400	
7.075	-1.450	-2.654	-6.300	
7.080	-1.460	-2.613	-11.000	
7.085	-1.460	-2.758	-9.300	
7.090	-1.470	-2.522	-6.700	
7.095	-1.480	-2.408	0.300	
7.100	-1.480	-2.766	-8.300	
7.105	-1.490	-2.871	-15.600	
7.110	-1.500	-2.712	-33.600	
7.115	-1.500	-2.914	-26.400	
7.120	-1.510	-3.089	-18.000	
7.125	-1.520	-2.916	-36.200	
7.130	-1.530	-3.015	-29.700	
7.135	-1.540	-3.293	-14.800	
7.140	-1.540	-3.088	-8.200	
7.145	-1.550	-2.819	-6.000	
7.150	-1.560	-2.878	-13.600	
7.155	-1.570	-2.664	-20.100	
7.160	-1.570	-2.284	-12.700	
7.165	-1.580	-2.424	53.300	
7.170	-1.580	-2.626	205.600	
7.175	-1.590	-2.477	434.900	
7.180	-1.590	-2.630	642.200	
7.185	-1.600	-3.003	695.100	
7.190	-1.610	-2.909	625.200	
7.195	-1.610	-2.788	425.000	
7.200	-1.620	-3.026	132.300	
7.205	-1.630	-2.994	-45.400	
7.210	-1.640	-2.747	-81.200	
7.215	-1.640	-2.891	-58.800	
7.220	-1.650	-2.994	-27.800	
7.225	-1.660	-2.706	-31.000	
7.230	-1.660	-2.663	-40.100	
7.235	-1.670	-2.823	-40.200	
7.240	-1.670	-2.590	-48.200	
7.245	-1.680	-2.407	-53.000	
7.250	-1.680	-2.616	-52.800	
7.255	-1.690	-2.527	-32.900	
7.260	-1.690	-2.198	-41.100	
7.265	-1.700	-2.321	-49.000	
7.270	-1.700	-2.509	-17.100	
7.275	-1.700	-2.373	-33.000	
7.280	-1.710	-2.517	-46.400	
7.285	-1.710	-2.879	-23.900	
7.290	-1.720	-2.790	5.100	
7.295	-1.730	-2.661	6.300	
7.300	-1.730	-2.900	-22.900	
7.305	-1.740	-2.857	-22.500	
7.310	-1.750	-2.539	-28.000	
7.315	-1.750	-2.581	-32.400	
7.320	-1.750	-2.557	-12.100	
7.325	-1.760	-2.111	3.800	
7.330	-1.760	-1.963	1.300	
7.335	-1.760	-2.127	-0.100	
7.340	-1.760	-2.002	16.300	
7.345	-1.770	-2.023	23.000	
7.350	-1.770	-2.499	35.600	
7.355	-1.770	-2.699	48.700	
7.360	-1.780	-2.616	40.700	
7.365	-1.790	-2.877	47.300	
7.370	-1.790	-3.079	66.700	
7.375	-1.800	-2.864	69.300	
7.380	-1.800	-2.868	63.300	
7.385	-1.810	-3.002	71.700	
7.390	-1.820	-2.613	81.200	
7.395	-1.820	-2.119	94.000	
7.400	-1.820	-1.857	114.100	
7.405	-1.820	-1.077	125.100	
7.410	-1.810	0.346	139.100	
7.415	-1.800	1.872	147.300	
7.420	-1.780	3.832	156.400	
7.425	-1.750	6.353	185.500	
7.430	-1.700	8.565	186.700	
7.435	-1.650	10.360	165.700	
7.440	-1.580	12.264	175.100	
7.445	-1.510	13.816	195.600	
7.450	-1.430	14.675	186.900	
7.455	-1.350	15.504	155.600	
7.460	-1.260	16.258	134.300	
7.465	-1.180	16.323	113.500	
7.470	-1.090	16.143	105.400	
7.475	-1.000	16.098	101.600	
7.480	-0.920	15.532	61.000	
7.485	-0.840	14.467	33.100	
7.490	-0.770	13.576	11.600	
7.495	-0.700	12.523	-17.500	
7.500	-0.640	10.931	-34.500	
7.505	-0.580	9.476	-51.800	
7.510	-0.540	8.221	-53.200	
7.515	-0.500	6.576	-65.300	
7.520	-0.470	5.001	-74.600	
7.525	-0.440	3.894	-70.100	
7.530	-0.420	2.610	-75.000	
7.535	-0.410	1.159	-68.200	
7.540	-0.410	0.142	-45.600	
7.545	-0.410	-0.849	-67.500	
7.550	-0.410	-2.104	-96.500	
7.555	-0.420	-2.912	-68.800	
7.560	-0.440	-3.316	-54.800	
7.565	-0.450	-3.964	-72.200	
7.570	-0.470	-4.431	-78.600	
7.575	-0.490	-4.360	-80.400	
7.580	-0.510	-4.416	-72.900	
7.585	-0.530	-4.569	-57.600	
7.590	-0.550	-4.229	-55.800	
7.595	-0.570	-3.901	-52.400	
7.600	-0.590	-4.036	-53.900	
7.605	-0.600	-4.001	-42.200	
7.610	-0.620	-3.809	-30.600	
7.615	-0.640	-4.079	-39.400	
7.620	-0.660	-4.331	-25.800	
7.625	-0.670	-4.124	-18.900	
7.630	-0.690	-4.096	-44.000	
7.635	-0.710	-4.269	-55.600	
7.640	-0.730	-4.056	-48.600	
7.645	-0.740	-3.867	-41.000	
7.650	-0.760	-4.069	-25.900	
7.655	-0.780	-4.007	-12.400	
7.660	-0.790	-3.684	-17.100	
7.665	-0.810	-3.748	-38.900	
7.670	-0.820	-3.803	-46.500	
7.675	-0.840	-3.481	-35.100	
7.680	-0.850	-3.415	-39.300	
7.685	-0.860	-3.519	-42.000	
7.690	-0.880	-3.077	-37.600	
7.695	-0.890	-2.473	-44.200	
7.700	-0.890	-2.124	-37.000	
7.705	-0.900	-1.435	-28.400	
7.710	-0.900	-0.484	-39.000	
7.715	-0.900	0.035	-42.700	
7.720	-0.890	0.532	-33.900	
7.725	-0.880	1.418	-25.000	
7.730	-0.870	2.041	-15.100	
7.735	-0.850	2.375	-22.900	
7.740	-0.840	3.043	-51.500	
7.745	-0.820	3.641	-63.000	
7.750	-0.790	3.756	-53.600	
7.755	-0.770	4.035	-35.700	
7.760	-0.750	4.475	-26.800	
7.765	-0.720	4.416	-26.300	
7.770	-0.690	4.268	-25.900	
7.775	-0.670	4.383	-14.800	
7.780	-0.650	4.083	-31.400	
7.785	-0.620	3.434	-62.200	
7.790	-0.600	3.099	-31.300	
7.795	-0.590	2.643	-28.800	
7.800	-0.570	1.734	-45.100	
7.805	-0.560	1.091	-29.300	
7.810	-0.560	0.691	-24.900	
7.815	-0.550	-0.092	-16.900	
7.820	-0.550	-0.807	-12.600	
7.825	-0.560	-1.076	-44.800	
7.830	-0.560	-1.534	-56.000	
7.835	-0.570	-2.106	-39.200	
7.840	-0.570	-2.149	-43.100	
7.845	-0.580	-2.103	-43.600	
7.850	-0.590	-2.375	-15.500	
7.855	-0.600	-2.379	-5.100	
7.860	-0.610	-2.194	-26.600	
7.865	-0.620	-2.461	-18.800	
7.870	-0.630	-2.736	-20.900	
7.875	-0.640	-2.644	-53.600	
7.880	-0.650	-2.835	-57.900	
7.885	-0.660	-3.244	-10.700	
7.890	-0.670	-3.215	2.600	
7.895	-0.690	-3.161	-20.300	
7.900	-0.700	-3.441	5.300	
7.905	-0.710	-3.398	20.500	
7.910	-0.730	-3.106	10.300	
7.915	-0.740	-3.281	-6.700	
7.920	-0.750	-3.518	-1.900	
7.925	-0.770	-3.408	36.900	
7.930	-0.780	-3.566	42.800	
7.935	-0.800	-3.891	23.700	
7.940	-0.810	-3.676	4.500	
7.945	-0.830	-3.359	-15.200	
7.950	-0.840	-3.390	-19.800	
7.955	-0.850	-3.174	-25.000	
7.960	-0.860	-2.776	-47.300	
7.965	-0.870	-2.833	-30.800	
7.970	-0.880	-2.912	-4.100	
7.975	-0.890	-2.619	-23.200	
7.980	-0.900	-2.607	-24.600	
7.985	-0.910	-2.864	-28.200	
7.990	-0.920	-2.745	-47.500	
7.995	-0.930	-2.666	-57.100	
8.000	-0.940	-2.959	-43.400	
8.005	-0.950	-2.905	-15.700	
8.010	-0.960	-2.512	-32.500	
8.015	-0.970	-2.458	-40.600	
8.020	-0.970	-2.363	-24.800	
8.025	-0.980	-1.908	-27.300	
8.030	-0.980	-1.803	-34.000	
8.035	-0.990	-1.997	-33.200	
8.040	-1.000	-1.791	-38.400	
8.045	-1.000	-1.593	-12.900	
8.050	-1.000	-1.802	56.200	
8.055	-1.010	-1.754	156.400	
8.060	-1.010	-1.471	344.200	
8.065	-1.010	-1.613	535.100	
8.070	-1.020	-1.754	592.100	
8.075	-1.020	-1.492	527.500	
8.080	-1.020	-1.473	343.700	
8.085	-1.030	-1.696	53.500	
8.090	-1.030	-1.541	-97.200	
8.095	-1.030	-1.401	-62.600	
8.100	-1.040	-1.625	-21.700	
8.105	-1.040	-1.559	-14.900	
8.110	-1.040	-1.216	-18.800	
8.115	-1.040	-1.232	-9.600	
8.120	-1.040	-1.241	-24.600	
8.125	-1.040	-0.912	-41.500	
8.130	-1.040	-0.938	-38.200	
8.135	-1.040	-1.286	-40.100	
8.140	-1.050	-1.293	-37.800	
8.145	-1.050	-1.379	-32.700	
8.150	-1.050	-1.886	-22.000	
8.155	-1.060	-2.064	-16.800	
8.160	-1.060	-1.848	-21.800	
8.165	-1.070	-1.859	-16.200	
8.170	-1.070	-1.816	-4.100	
8.175	-1.070	-1.512	6.000	
8.180	-1.080	-1.624	9.900	
8.185	-1.080	-2.068	-5.800	
8.190	-1.090	-2.107	-17.400	
8.195	-1.090	-2.061	-12.800	
8.200	-1.100	-2.297	-10.400	
8.205	-1.100	-2.211	8.200	
8.210	-1.110	-1.861	29.700	
8.215	-1.110	-1.936	9.500	
8.220	-1.120	-2.058	4.300	
8.225	-1.120	-1.854	19.300	
8.230	-1.130	-2.002	7.400	
8.235	-1.130	-2.479	9.600	
8.240	-1.140	-2.558	19.900	
8.245	-1.150	-2.586	45.900	
8.250	-1.160	-2.922	60.400	
8.255	-1.170	-2.913	56.300	
8.260	-1.180	-2.619	74.800	
8.265	-1.180	-2.699	88.400	
8.270	-1.190	-2.741	93.800	
8.275	-1.200	-2.397	98.700	
8.280	-1.200	-2.337	111.100	
8.285	-1.210	-2.531	130.300	
8.290	-1.220	-2.290	148.300	
8.295	-1.220	-1.947	155.700	
8.300	-1.230	-1.803	187.700	
8.305	-1.230	-1.057	234.500	
8.310	-1.230	0.420	233.800	
8.315	-1.210	1.925	204.300	
8.320	-1.190	3.666	188.100	
8.325	-1.170	5.850	194.100	
8.330	-1.130	7.692	215.100	
8.335	-1.080	9.143	222.100	
8.340	-1.020	10.840	186.800	
8.345	-0.960	12.366	165.300	
8.350	-0.890	13.294	137.300	
8.355	-0.820	14.204	101.800	
8.360	-0.740	15.036	80.500	
8.365	-0.660	15.171	30.300	
8.370	-0.580	15.029	1.300	
8.375	-0.510	14.992	-5.400	
8.380	-0.430	14.427	-21.400	
8.385	-0.360	13.363	-40.500	
8.390	-0.290	12.514	-55.800	
8.395	-0.230	11.559	-57.900	
8.400	-0.180	10.104	-63.200	
8.405	-0.130	8.801	-72.200	
8.410	-0.090	7.651	-75.800	
8.415	-0.050	6.031	-92.700	
8.420	-0.030	4.441	-106.100	
8.425	-0.010	3.331	-83.700	
8.430	0.010	2.056	-89.200	
8.435	0.010	0.656	-91.000	
8.440	0.010	-0.214	-56.000	
8.445	0.010	-0.965	-77.600	
8.450	0.000	-2.009	-103.700	
8.455	-0.010	-2.659	-94.900	
8.460	-0.020	-2.843	-88.700	
8.465	-0.040	-3.201	-85.200	
8.470	-0.050	-3.355	-85.700	
8.475	-0.070	-3.004	-79.200	
8.480	-0.080	-2.999	-67.300	
8.485	-0.100	-3.420	-61.600	
8.490	-0.120	-3.583	-54.500	
8.495	-0.130	-3.828	-47.700	
8.500	-0.150	-4.395	-45.500	
8.505	-0.180	-4.542	-36.100	
8.510	-0.200	-4.310	-41.900	
8.515	-0.220	-4.404	-62.800	
8.520	-0.240	-4.501	-65.700	
8.525	-0.260	-4.276	-67.200	
8.530	-0.280	-4.395	-61.300	
8.535	-0.300	-4.798	-51.000	
8.540	-0.330	-4.744	-51.900	
8.545	-0.350	-4.624	-46.400	
8.550	-0.370	-4.871	-51.200	
8.555	-0.390	-4.831	-60.700	
8.560	-0.410	-4.519	-60.300	
8.565	-0.430	-4.568	-43.200	
8.570	-0.450	-4.509	-13.100	
8.575	-0.470	-3.935	-36.100	
8.580	-0.490	-3.494	-79.800	
8.585	-0.510	-3.206	-65.600	
8.590	-0.520	-2.468	-46.100	
8.595	-0.520	-1.684	-58.300	
8.600	-0.530	-1.268	-60.100	
8.605	-0.530	-0.552	-40.700	
8.610	-0.530	0.480	-46.800	
8.615	-0.520	1.125	-57.300	
8.620	-0.510	1.742	-46.200	
8.625	-0.500	2.696	-56.900	
8.630	-0.480	3.315	-66.900	
8.635	-0.460	3.576	-47.500	
8.640	-0.440	4.123	-32.800	
8.645	-0.420	4.563	-36.800	
8.650	-0.390	4.449	-45.200	
8.655	-0.370	4.440	-45.100	
8.660	-0.350	4.589	-33.100	
8.665	-0.320	4.231	-32.600	
8.670	-0.300	3.747	-19.100	
8.675	-0.280	3.519	10.600	
8.680	-0.260	2.889	16.600	
8.685	-0.250	1.965	32.300	
8.690	-0.240	1.499	22.900	
8.695	-0.230	1.110	-16.200	
8.700	-0.230	0.419	-11.100	
8.705	-0.230	0.054	-11.700	
8.710	-0.220	-0.026	-12.800	
8.715	-0.230	-0.506	-2.000	
8.720	-0.230	-0.986	-40.400	
8.725	-0.230	-1.040	-66.300	
8.730	-0.240	-1.306	-70.400	
8.735	-0.240	-1.748	-60.200	
8.740	-0.250	-1.725	-40.800	
8.745	-0.260	-1.678	-48.700	
8.750	-0.270	-2.021	-68.000	
8.755	-0.280	-2.169	-72.900	
8.760	-0.290	-2.159	-46.100	
8.765	-0.290	-2.617	-31.300	
8.770	-0.310	-3.098	-42.700	
8.775	-0.320	-3.134	-56.300	
8.780	-0.340	-3.393	-61.200	
8.785	-0.350	-3.931	-62.600	
8.790	-0.370	-4.096	-58.700	
8.795	-0.390	-4.218	-39.400	
8.800	-0.410	-4.600	-34.000	
8.805	-0.430	-4.581	-38.900	
8.810	-0.450	-4.196	-52.100	
8.815	-0.470	-4.155	-15.700	
8.820	-0.490	-4.125	117.300	
8.825	-0.510	-3.712	297.700	
8.830	-0.520	-3.565	509.200	
8.835	-0.540	-3.692	601.000	
8.840	-0.550	-3.433	530.600	
8.845	-0.570	-3.203	388.100	
8.850	-0.580	-3.436	147.000	
8.855	-0.600	-3.508	-60.800	
8.860	-0.610	-3.376	-100.500	
8.865	-0.630	-3.622	-58.700	
8.870	-0.640	-3.783	-45.200	
8.875	-0.660	-3.413	-67.400	
8.880	-0.670	-3.228	-52.900	
8.885	-0.680	-3.292	-42.100	
8.890	-0.700	-2.942	-85.900	
8.895	-0.710	-2.596	-82.600	
8.900	-0.720	-2.674	-43.900	
8.905	-0.730	-2.534	-46.000	
8.910	-0.730	-2.159	-61.000	
8.915	-0.740	-2.192	-60.700	
8.920	-0.750	-2.238	-40.900	
8.925	-0.760	-1.877	-17.300	
8.930	-0.760	-1.776	-28.300	
8.935	-0.770	-1.933	-42.600	
8.940	-0.770	-1.663	-34.100	
8.945	-0.780	-1.416	-19.300	
8.950	-0.780	-1.643	-20.800	
8.955	-0.790	-1.715	-28.300	
8.960	-0.790	-1.588	-14.100	
8.965	-0.800	-1.824	-23.400	
8.970	-0.800	-2.015	-21.200	
8.975	-0.810	-1.772	-3.400	
8.980	-0.810	-1.801	3.300	
8.985	-0.820	-2.164	9.400	
8.990	-0.830	-2.203	-3.300	
8.995	-0.830	-2.297	14.900	
9.000	-0.840	-2.794	14.300	
9.005	-0.850	-2.994	-3.900	
9.010	-0.860	-2.860	17.400	
9.015	-0.870	-3.016	28.400	
9.020	-0.890	-3.087	41.900	
9.025	-0.900	-2.668	50.800	
9.030	-0.910	-2.433	46.800	
9.035	-0.910	-2.424	68.800	
9.040	-0.920	-1.975	83.400	
9.045	-0.920	-1.496	89.300	
9.050	-0.930	-1.413	108.600	
9.055	-0.930	-1.033	117.400	
9.060	-0.930	-0.216	138.700	
9.065	-0.920	0.521	158.400	
9.070	-0.910	1.634	160.200	
9.075	-0.900	3.511	169.100	
9.080	-0.870	5.348	197.400	
9.085	-0.840	6.951	211.000	
9.090	-0.790	8.866	190.300	
9.095	-0.740	10.634	188.200	
9.100	-0.680	11.788	186.700	
9.105	-0.620	12.926	162.000	
9.110	-0.550	14.079	157.800	
9.115	-0.470	14.599	131.500	
9.120	-0.400	14.824	93.200	
9.125	-0.320	15.193	75.600	
9.130	-0.240	15.074	32.300	
9.135	-0.170	14.468	-5.600	
9.140	-0.090	14.093	-21.400	
9.145	-0.030	13.564	-44.800	
9.150	0.040	12.479	-61.900	
9.155	0.100	11.467	-73.300	
9.160	0.150	10.530	-69.900	
9.165	0.200	9.061	-67.100	
9.170	0.240	7.490	-88.200	
9.175	0.280	6.343	-91.300	
9.180	0.300	5.026	-80.100	
9.185	0.320	3.502	-82.700	
9.190	0.340	2.393	-94.800	
9.195	0.340	1.271	-103.300	
9.200	0.340	-0.209	-104.800	
9.205	0.340	-1.317	-92.500	
9.210	0.330	-1.951	-90.800	
9.215	0.320	-2.719	-83.800	
9.220	0.300	-3.326	-72.100	
9.225	0.280	-3.415	-84.100	
9.230	0.260	-3.654	-86.300	
9.235	0.240	-4.053	-88.600	
9.240	0.220	-3.961	-77.200	
9.245	0.200	-3.787	-73.300	
9.250	0.180	-3.923	-92.300	
9.255	0.160	-3.796	-89.500	
9.260	0.140	-3.433	-72.000	
9.265	0.120	-3.513	-69.600	
9.270	0.100	-3.698	-90.400	
9.275	0.090	-3.532	-69.600	
9.280	0.070	-3.650	-33.100	
9.285	0.050	-4.055	-43.800	
9.290	0.030	-4.081	-74.400	
9.295	0.010	-4.141	-79.100	
9.300	-0.010	-4.647	-65.700	
9.305	-0.040	-4.900	-56.600	
9.310	-0.060	-4.746	-38.800	
9.315	-0.090	-4.814	-47.300	
9.320	-0.110	-4.776	-65.300	
9.325	-0.130	-4.227	-53.600	
9.330	-0.150	-3.888	-47.200	
9.335	-0.170	-3.828	-54.700	
9.340	-0.190	-3.383	-74.600	
9.345	-0.200	-2.902	-77.400	
9.350	-0.220	-2.771	-44.800	
9.355	-0.230	-2.366	-49.900	
9.360	-0.240	-1.679	-73.500	
9.365	-0.240	-1.391	-55.500	
9.370	-0.250	-1.107	-39.000	
9.375	-0.250	-0.379	-62.600	
9.380	-0.250	0.138	-75.700	
9.385	-0.250	0.392	-66.300	
9.390	-0.240	1.018	-52.400	
9.395	-0.230	1.619	-47.400	
9.400	-0.230	1.728	-56.800	
9.405	-0.220	1.963	-41.500	
9.410	-0.200	2.359	-47.900	
9.415	-0.190	2.293	-62.300	
9.420	-0.180	2.204	-43.600	
9.425	-0.170	2.502	-30.800	
9.430	-0.150	2.496	-43.800	
9.435	-0.140	2.101	-58.200	
9.440	-0.130	1.933	-53.200	
9.445	-0.120	1.639	-46.800	
9.450	-0.110	0.817	-35.500	
9.455	-0.110	0.173	-9.800	
9.460	-0.110	-0.174	16.800	
9.465	-0.110	-0.849	12.800	
9.470	-0.120	-1.496	-0.600	
9.475	-0.130	-1.711	-8.400	
9.480	-0.130	-2.111	-8.000	
9.485	-0.140	-2.708	14.400	
9.490	-0.160	-2.832	5.700	
9.495	-0.170	-2.875	-24.900	
9.500	-0.190	-3.295	-36.800	
9.505	-0.200	-3.462	-33.000	
9.510	-0.220	-3.337	-30.400	
9.515	-0.240	-3.593	-54.300	
9.520	-0.250	-3.920	-68.400	
9.525	-0.270	-3.891	-52.400	
9.530	-0.290	-4.079	-45.800	
9.535	-0.310	-4.485	-62.500	
9.540	-0.330	-4.422	-64.200	
9.545	-0.350	-4.262	-42.600	
9.550	-0.370	-4.471	-46.900	
9.555	-0.390	-4.419	-71.500	
9.560	-0.410	-4.084	-76.100	
9.565	-0.430	-4.171	-59.700	
9.570	-0.450	-4.299	-45.200	
9.575	-0.470	-4.063	-47.900	
9.580	-0.490	-4.154	-50.100	
9.585	-0.510	-4.589	-51.000	
9.590	-0.530	-4.629	-66.000	
9.595	-0.550	-4.601	-62.900	
9.600	-0.570	-4.925	-13.400	
9.605	-0.590	-4.913	111.200	
9.610	-0.610	-4.541	320.600	
9.615	-0.630	-4.536	560.600	
9.620	-0.650	-4.549	690.700	
9.625	-0.670	-4.164	649.900	
9.630	-0.690	-3.993	513.700	
9.635	-0.700	-4.039	261.400	
9.640	-0.720	-3.644	-8.200	
9.645	-0.730	-3.251	-93.200	
9.650	-0.750	-3.343	-78.600	
9.655	-0.760	-3.286	-51.400	
9.660	-0.770	-3.038	-33.800	
9.665	-0.780	-3.145	-63.800	
9.670	-0.800	-3.151	-79.400	
9.675	-0.810	-2.669	-84.000	
9.680	-0.820	-2.409	-70.700	
9.685	-0.820	-2.505	-47.400	
9.690	-0.830	-2.353	-65.000	
9.695	-0.840	-2.296	-83.300	
9.700	-0.850	-2.702	-85.100	
9.705	-0.860	-2.857	-69.900	
9.710	-0.870	-2.677	-21.600	
9.715	-0.880	-2.827	-8.000	
9.720	-0.890	-2.964	-64.900	
9.725	-0.900	-2.679	-103.800	
9.730	-0.910	-2.674	-76.300	
9.735	-0.920	-3.056	-36.600	
9.740	-0.930	-3.126	-47.700	
9.745	-0.940	-3.141	-49.900	
9.750	-0.950	-3.468	-24.200	
9.755	-0.970	-3.466	-39.800	
9.760	-0.980	-3.123	-40.800	
9.765	-0.990	-3.168	-9.800	
9.770	-1.000	-3.319	2.800	
9.775	-1.010	-3.161	-16.300	
9.780	-1.020	-3.323	-38.800	
9.785	-1.040	-3.802	-27.700	
9.790	-1.050	-3.819	-9.800	
9.795	-1.070	-3.698	5.000	
9.800	-1.080	-3.898	18.100	
9.805	-1.090	-3.784	3.900	
9.810	-1.110	-3.329	16.700	
9.815	-1.120	-3.224	44.600	
9.820	-1.130	-3.096	49.600	
9.825	-1.140	-2.446	62.400	
9.830	-1.140	-1.816	57.000	
9.835	-1.150	-1.114	63.500	
9.840	-1.140	0.405	89.200	
9.845	-1.130	2.330	106.200	
9.850	-1.110	4.083	131.000	
9.855	-1.080	6.128	136.700	
9.860	-1.040	8.366	143.300	
9.865	-0.990	9.991	164.700	
9.870	-0.930	11.334	173.500	
9.875	-0.860	12.824	168.800	
9.880	-0.790	13.790	149.200	
9.885	-0.720	14.247	144.000	
9.890	-0.640	14.927	145.000	
9.895	-0.570	15.486	128.800	
9.900	-0.480	15.430	110.200	
9.905	-0.410	15.309	83.700	
9.910	-0.330	15.174	60.700	
9.915	-0.250	14.396	47.200	
9.920	-0.180	13.370	14.400	
9.925	-0.120	12.523	-28.500	
9.930	-0.060	11.253	-49.100	
9.935	-0.010	9.583	-45.000	
9.940	0.040	8.229	-42.900	
9.945	0.080	6.895	-53.800	
9.950	0.110	5.133	-75.600	
9.955	0.130	3.601	-116.300	
9.960	0.140	2.411	-122.300	
9.965	0.150	0.891	-101.800	
9.970	0.150	-0.558	-98.800	
9.975	0.140	-1.468	-88.700	
9.980	0.130	-2.478	-74.300	
9.985	0.120	-3.640	-74.000	
9.990	0.100	-4.244	-82.000	
9.995	0.070	-4.612	-84.600	
10.000	0.050	-5.258	-75.500	
10.005	0.020	-5.528	-73.800	
10.010	-0.010	-5.336	-82.600	
10.015	-0.030	-5.335	-64.700	
10.020	-0.060	-5.107	-63.200	
10.025	-0.080	-4.232	-76.300	
10.030	-0.100	-3.474	-67.900	
10.035	-0.120	-3.059	-62.100	
10.040	-0.130	-2.434	-62.600	
10.045	-0.140	-1.996	-69.300	
10.050	-0.150	-2.180	-61.500	
10.055	-0.160	-2.293	-49.000	
10.060	-0.170	-2.267	-57.900	
10.065	-0.180	-2.741	-68.100	
10.070	-0.200	-3.264	-61.900	
10.075	-0.210	-3.313	-60.800	
10.080	-0.230	-3.461	-52.100	
10.085	-0.240	-3.812	-38.500	
10.090	-0.260	-3.740	-46.100	
10.095	-0.280	-3.592	-56.500	
10.100	-0.300	-3.807	-45.300	
10.105	-0.310	-3.724	-34.000	
10.110	-0.330	-3.292	-45.800	
10.115	-0.340	-3.211	-35.100	
10.120	-0.360	-3.137	-28.800	
10.125	-0.370	-2.631	-40.700	
10.130	-0.380	-2.352	-31.900	
10.135	-0.390	-2.394	-29.100	
10.140	-0.400	-2.076	-30.600	
10.145	-0.410	-1.721	-38.400	
10.150	-0.420	-1.811	-55.000	
10.155	-0.420	-1.729	-53.500	
10.160	-0.430	-1.383	-37.400	
10.165	-0.430	-1.415	-28.100	
10.170	-0.440	-1.434	0.800	
10.175	-0.440	-0.954	9.100	
10.180	-0.440	-0.626	-48.600	
10.185	-0.450	-0.574	-51.800	
10.190	-0.450	-0.200	-35.800	
10.195	-0.440	0.087	-54.800	
10.200	-0.440	-0.188	-51.800	
10.205	-0.440	-0.349	-37.600	
10.210	-0.440	-0.253	-21.000	
10.215	-0.440	-0.522	-16.800	
10.220	-0.440	-0.792	-32.000	
10.225	-0.440	-0.650	-23.700	
10.230	-0.450	-0.824	-1.400	
10.235	-0.450	-1.403	-22.200	
10.240	-0.450	-1.651	-47.300	
10.245	-0.460	-1.884	-38.500	
10.250	-0.470	-2.519	-30.000	
10.255	-0.480	-2.857	-22.200	
10.260	-0.490	-2.811	-18.500	
10.265	-0.510	-3.102	-39.700	
10.270	-0.520	-3.396	-35.600	
10.275	-0.530	-3.218	-17.700	
10.280	-0.550	-3.238	-12.600	
10.285	-0.560	-3.582	14.900	
10.290	-0.580	-3.619	-0.300	
10.295	-0.590	-3.701	-23.300	
10.300	-0.610	-4.221	-32.200	
10.305	-0.630	-4.496	-61.700	
10.310	-0.650	-4.429	-52.800	
10.315	-0.670	-4.683	-29.300	
10.320	-0.690	-4.927	-10.400	
10.325	-0.710	-4.692	-9.500	
10.330	-0.730	-4.631	-25.600	
10.335	-0.750	-4.863	-32.000	
10.340	-0.770	-4.718	-28.600	
10.345	-0.790	-4.523	-14.500	
10.350	-0.810	-4.730	-7.900	
10.355	-0.830	-4.725	-10.700	
10.360	-0.850	-4.433	-20.700	
10.365	-0.870	-4.543	-26.300	
10.370	-0.890	-4.724	-13.800	
10.375	-0.910	-4.488	-5.800	
10.380	-0.920	-4.452	-5.100	
10.385	-0.940	-4.701	-14.400	
10.390	-0.960	-4.546	-26.400	
10.395	-0.980	-4.318	-25.200	
10.400	-1.000	-4.490	-4.800	
10.405	-1.010	-4.441	14.000	
10.410	-1.030	-4.090	-20.300	
10.415	-1.050	-4.116	-38.200	
10.420	-1.060	-4.184	-18.600	
10.425	-1.080	-3.802	-7.100	
10.430	-1.090	-3.574	-5.800	
10.435	-1.100	-3.648	-29.400	
10.440	-1.120	-3.408	-6.400	
10.445	-1.130	-3.204	20.800	
10.450	-1.140	-3.474	-15.300	
10.455	-1.150	-3.511	-17.800	
10.460	-1.160	-3.228	-0.200	
10.465	-1.170	-3.359	-11.800	
10.470	-1.190	-3.554	2.300	
10.475	-1.200	-3.313	22.500	
10.480	-1.210	-3.239	10.000	
10.485	-1.220	-3.404	-2.900	
10.490	-1.230	-3.143	-14.000	
10.495	-1.240	-2.843	-8.700	
10.500	-1.250	-3.019	14.100	
10.505	-1.260	-3.047	9.200	
10.510	-1.270	-2.856	-9.800	
10.515	-1.280	-3.118	-7.100	
10.520	-1.290	-3.442	7.100	
10.525	-1.300	-3.313	6.400	
10.530	-1.310	-3.344	-0.300	
10.535	-1.320	-3.643	7.200	
10.540	-1.330	-3.558	9.200	
10.545	-1.340	-3.429	-12.700	
10.550	-1.350	-3.697	-11.500	
10.555	-1.370	-3.709	18.200	
10.560	-1.380	-3.384	18.500	
10.565	-1.390	-3.413	-8.800	
10.570	-1.400	-3.539	-28.300	
10.575	-1.410	-3.346	-28.800	
10.580	-1.420	-3.431	-10.600	
10.585	-1.430	-3.840	-5.700	
10.590	-1.450	-3.813	-13.300	
10.595	-1.460	-3.611	-12.900	
10.600	-1.470	-3.747	-13.500	
10.605	-1.480	-3.667	-12.000	
10.610	-1.490	-3.329	-8.700	
10.615	-1.500	-3.436	-14.900	
10.620	-1.510	-3.661	-11.000	
10.625	-1.520	-3.509	-9.300	
10.630	-1.530	-3.547	-14.100	
10.635	-1.540	-3.869	21.200	
10.640	-1.560	-3.820	19.400	
10.645	-1.570	-3.695	-26.100	
10.650	-1.580	-3.968	-12.300	
10.655	-1.590	-4.017	9.600	
10.660	-1.610	-3.768	8.200	
10.665	-1.620	-3.941	31.200	
10.670	-1.630	-4.175	58.700	
10.675	-1.640	-3.946	61.100	
10.680	-1.660	-3.893	32.200	
10.685	-1.670	-4.119	19.100	
10.690	-1.680	-3.936	33.600	
10.695	-1.690	-3.692	20.300	
10.700	-1.700	-3.938	0.600	
10.705	-1.720	-4.029	-12.800	
10.710	-1.730	-3.794	-21.500	
10.715	-1.740	-3.903	-12.700	
10.720	-1.750	-3.999	-16.700	
10.725	-1.760	-3.619	-23.900	
10.730	-1.770	-3.489	-16.900	
10.735	-1.780	-3.730	-5.900	
10.740	-1.790	-3.639	-13.400	
10.745	-1.800	-3.493	-41.300	
10.750	-1.810	-3.745	-40.500	
10.755	-1.820	-3.822	-28.100	
10.760	-1.830	-3.622	-21.600	
10.765	-1.840	-3.788	-25.200	
10.770	-1.850	-4.003	-32.600	
10.775	-1.860	-3.764	-19.300	
10.780	-1.870	-3.683	-32.300	
10.785	-1.880	-3.848	-49.000	
10.790	-1.890	-3.587	-32.500	
10.795	-1.900	-3.300	-6.200	
10.800	-1.910	-3.486	70.200	
10.805	-1.920	-3.526	263.400	
10.810	-1.930	-3.311	544.900	
10.815	-1.940	-3.456	742.400	
10.820	-1.940	-3.644	754.200	
10.825	-1.950	-3.401	645.300	
10.830	-1.960	-3.332	410.900	
10.835	-1.970	-3.618	110.800	
10.840	-1.980	-3.597	-51.100	
10.845	-1.990	-3.521	-51.800	
10.850	-2.000	-3.826	-25.700	
10.855	-2.010	-3.863	-29.500	
10.860	-2.020	-3.505	-50.300	
10.865	-2.020	-3.436	-73.300	
10.870	-2.030	-3.395	-78.300	
10.875	-2.040	-2.938	-79.800	
10.880	-2.040	-2.719	-79.400	
10.885	-2.050	-2.919	-70.500	
10.890	-2.050	-2.855	-78.400	
10.895	-2.060	-2.801	-75.100	
10.900	-2.060	-3.213	-70.500	
10.905	-2.070	-3.409	-48.100	
10.910	-2.080	-3.263	-20.100	
10.915	-2.080	-3.464	-66.400	
10.920	-2.090	-3.698	-92.300	
10.925	-2.100	-3.502	-52.400	
10.930	-2.110	-3.476	-30.500	
10.935	-2.120	-3.686	-44.900	
10.940	-2.130	-3.459	-57.100	
10.945	-2.130	-3.162	-52.400	
10.950	-2.140	-3.343	-37.300	
10.955	-2.150	-3.404	-12.100	
10.960	-2.150	-3.241	-16.500	
10.965	-2.160	-3.504	-39.800	
10.970	-2.170	-3.799	-39.900	
10.975	-2.180	-3.621	-33.000	
10.980	-2.180	-3.596	-28.000	
10.985	-2.190	-3.832	-7.100	
10.990	-2.200	-3.698	-1.800	
10.995	-2.210	-3.537	2.100	
11.000	-2.220	-3.803	22.800	
11.005	-2.230	-3.783	5.800	
11.010	-2.230	-3.273	1.600	
11.015	-2.240	-2.893	23.200	
11.020	-2.240	-2.202	54.000	
11.025	-2.240	-0.524	72.100	
11.030	-2.230	1.586	59.700	
11.035	-2.200	3.838	80.500	
11.040	-2.170	6.605	90.600	
11.045	-2.120	9.318	96.800	
11.050	-2.060	11.352	111.200	
11.055	-1.980	13.266	104.100	
11.060	-1.900	15.114	119.500	
11.065	-1.820	16.165	139.600	
11.070	-1.730	16.714	143.000	
11.075	-1.630	17.303	133.000	
11.080	-1.540	17.368	129.400	
11.085	-1.450	16.809	136.000	
11.090	-1.360	16.356	141.300	
11.095	-1.270	15.765	123.200	
11.100	-1.190	14.542	80.000	
11.105	-1.120	13.315	71.800	
11.110	-1.050	12.248	68.000	
11.115	-0.980	10.668	29.700	
11.120	-0.930	8.938	15.700	
11.125	-0.890	7.611	9.900	
11.130	-0.850	6.109	-24.600	
11.135	-0.820	4.312	-25.300	
11.140	-0.800	2.848	-32.800	
11.145	-0.780	1.427	-75.000	
11.150	-0.780	-0.352	-80.200	
11.155	-0.780	-1.800	-77.400	
11.160	-0.790	-2.786	-90.700	
11.165	-0.800	-4.019	-76.500	
11.170	-0.820	-5.184	-71.000	
11.175	-0.840	-5.726	-80.000	
11.180	-0.870	-6.215	-67.800	
11.185	-0.900	-6.722	-86.400	
11.190	-0.930	-6.580	-93.500	
11.195	-0.950	-6.211	-87.200	
11.200	-0.980	-6.197	-97.100	
11.205	-1.010	-5.911	-85.700	
11.210	-1.030	-5.168	-71.200	
11.215	-1.050	-4.642	-66.700	
11.220	-1.070	-4.115	-73.900	
11.225	-1.080	-3.228	-78.100	
11.230	-1.090	-2.723	-65.000	
11.235	-1.100	-2.762	-56.500	
11.240	-1.110	-2.581	-62.200	
11.245	-1.110	-2.395	-57.400	
11.250	-1.120	-2.651	-45.100	
11.255	-1.130	-2.725	-34.400	
11.260	-1.140	-2.516	-36.500	
11.265	-1.140	-2.711	-44.500	
11.270	-1.150	-3.002	-54.900	
11.275	-1.160	-2.819	-63.000	
11.280	-1.170	-2.683	-40.900	
11.285	-1.180	-2.718	-23.900	
11.290	-1.190	-2.245	-31.300	
11.295	-1.190	-1.623	-45.400	
11.300	-1.190	-1.494	-60.200	
11.305	-1.200	-1.320	-40.700	
11.310	-1.200	-0.954	-15.700	
11.315	-1.190	-1.024	-36.800	
11.320	-1.190	-1.188	-60.300	
11.325	-1.190	-0.951	-44.200	
11.330	-1.190	-0.898	-33.500	
11.335	-1.190	-1.122	-35.300	
11.340	-1.190	-0.935	-36.600	
11.345	-1.190	-0.653	-46.800	
11.350	-1.190	-0.810	-36.400	
11.355	-1.190	-0.758	-28.200	
11.360	-1.190	-0.324	-31.900	
11.365	-1.180	-0.239	-32.400	
11.370	-1.180	-0.210	-46.500	
11.375	-1.170	0.272	-53.000	
11.380	-1.160	0.525	-42.200	
11.385	-1.160	0.386	-12.700	
11.390	-1.150	0.557	-4.200	
11.395	-1.140	0.742	-32.000	
11.400	-1.130	0.381	-38.800	
11.405	-1.130	0.066	-41.900	
11.410	-1.120	-0.017	-37.200	
11.415	-1.120	-0.526	-29.800	
11.420	-1.120	-1.081	-44.800	
11.425	-1.120	-1.089	-36.600	
11.430	-1.120	-1.197	-19.700	
11.435	-1.120	-1.615	-20.600	
11.440	-1.120	-1.702	-27.700	
11.445	-1.130	-1.779	-14.900	
11.450	-1.130	-2.300	5.900	
11.455	-1.140	-2.599	-13.200	
11.460	-1.150	-2.519	-29.100	
11.465	-1.150	-2.724	-37.200	
11.470	-1.160	-2.959	-41.900	
11.475	-1.170	-2.740	-31.900	
11.480	-1.180	-2.697	-23.400	
11.485	-1.190	-3.013	-32.200	
11.490	-1.200	-3.011	-41.300	
11.495	-1.210	-2.997	-12.600	
11.500	-1.220	-3.462	1.400	
11.505	-1.230	-3.750	-5.700	
11.510	-1.240	-3.658	-16.200	
11.515	-1.260	-3.863	-15.200	
11.520	-1.270	-4.134	8.100	
11.525	-1.280	-3.963	-26.800	
11.530	-1.300	-3.930	-44.100	
11.535	-1.310	-4.189	-4.800	
11.540	-1.330	-4.046	-25.500	
11.545	-1.340	-3.785	-42.600	
				
				
				
				
				
				
				
				
				
				
				
				
				
				
				
				
				
				
				
				
				
				
				
				
				
				
				
				
				
				
				
				
				
				
				
				
				
				
				
				
				
				
				
				
				
				
				
				
				
				
				
				
				
				
				
				
				
				
				
				
				
				
				
				
				
				
				
				
				
				
				
				
				
				
				
				
				
				
				
				
				
				
				
				
				
				
				
				
				
				
				
				
				
				
				
				
				
				
				
				
				
				
				
				
				
				
				
				
				
				
				
				
				
				
				
				
				
				
				
				
				
				
				
				
				
				
				
				
				
				
				
				
				
				
				
				
				
				
				
				
				
				
				
				
				
				
				
				
				
				
				
				
				
				
				
				
				
				
				
				
				
				
				
				
				
				
				
				
				
				
				
				
				
				
				
				
				
				
				
				
				
				
				
				
				
				
				
				
				
				
				
				
				
				
				
				
				
				
				
				
				
				
				
				
				
				
				
				
				
				
				
				
				
				
				
				
				
				
				
				
				
				
				
				
				
				
				
				
				
				
				
				
				
				
				
				
				
				
				
				
				
				
				
				
				
				
				
				
				
				
				
				
				
				
				
				
				
				
				
				
				
				
				
				
				
				
				
				
				
				
				
				
				
				
				
				
				
				
				
				
				
				
				
				
				
				
				
				
				
				
				
				
				
				
				
				
				
				
				
				
				
				
				
				
				
				
				
				
				
				
				
				
				
				
				
				
				
				
				
				
				
				
				
				
				
				
				
				
				
				
				
				
				
				
				
				
				
				
				
				
				
				
				
				
				
				
				
				
				
				
				
				
				
				
				
				
				
				
				
				
				
				
				
				
				
				
				
				
				
				
				
				
				
				
				
				
				
				
				
				
				
				
				
				
				
				
				
				
				
				
				
				
				
				
				
				
				
				
				
				
				
				
				
				
				
				
				
				
				
				
				
				
				
				
				
				
				
				
				
				
				
				
				
				
				
				
				
				
				
				
				
				
				
				
				
				
				
				
				
				
				
				
				
				
				
				
				
				
				
				
				
				
				
				
				
				
				
				
				
				
				
				
				
				
				
				
				
				
				
				
				
				
				
				
				
				
				
				
				
				
				
				
				
				
				
				
				
				
				
				
				
				
				
				
				
				
				
				
				
				
				
				
				
				
				
				
				
				
				
				
				
				
				
				
				
				
				
				
				
				
				
				
				
				
				
				
				
				
				
				
				
				
				
				
				
				
				
				
				
				
				
				
				
				
				
				
				
				
				
				
				
				
				
				
				
				
				
				
				
				
				
				
				
				
				
				
				
				
				
				
				
				
				
				
				
				
				
				
				
				
				
				
				
				
				
				
				
				
				
				
				
				
				
				
				
				
				
				
				
				
				
				
				
				
				
				
				
				
				
				
				
				
				
				
				
				
				
				
				
				
				
				
				
				
				
				
				
				
				
				
				
				
				
				
				
				
				
				
				
				
				
				
				
				
				
				
				
				
				
				
				
				
				
				
				
				
				
				
				
				
				
				
				
				
				
				
				
				
				
				
				
				
				
				
				
				
				
				
				
				
				
				
				
				
				
				
				
				
				
				
				
				
				
				
				
				
				
				
				
				
				
				
				
				
				
				
				
				
				
				
				
				
				
				
				
				
				
				
				
				
				
				
				
				
				
				
				
				
				
				
				
				
				
				
				
				
				
				
				
				
				
				
				
				
				
				
				
				
				
				
				
				
				
				
				
				
				
				
				
				
				
				
				
				
				
				
				
				
				
				
				
				
				
				
				
				
				
				
				
				
				
				
				
				#3 Post-Exercise Heartrate 
				
				
				
				
				
				
				
				
				
				
				
				
				
				
				
				
				
				
				
				
				
				
				
				
				
				
				
				
				
				
				
				
				
				
				
				
				
				
				
				
				
				
				
				
				
				
				
				
				
				
				
				
				
				
				
				
				
				
				
				
				
				
				
				
				
				
				
				
				
				
				
				
				
				
				
				
				
				
				
				
				
				
				
				
				
				
				
				
				
				
				
				
				
				
				
				
				
				
				
				
				
				
				
				
				
				
				
				
				
				
				
				
				
				
				
				
				
				
				
				
				
				
				
				
				
				
				
				
				
				
				
				
				
				
				
				
				
				
				
				
				
				
				
				
				
				
				
				
				
				
				
				
				
				
				
				
				
				
				
				
				
				
				
				
				
				
				
				
				
				
				
				
				
				
				
				
				
				
				
				
				
				
				
				
				
				
				
				
				
				
				
				
				
				
				
				
				
				
				
				
				
				
				
				
				
				
				
				
				
				
				
				
				
				
				
				
				
				
				
				
				
				
				
				
				
				
				
				
				
				
				
				
				
				
				
				
				
				
				
				
				
				
				
				
				
				
				
				
				
				
				
				
				
				
				
				
				
				
				
				
				
				
				
				
				
				
				
				
				
				
				
				
				
				
				
				
				
				
				
				
				
				
				
				
				
				
				
				
				
				
				
				
				
				
				
				
				
				
				
				
				
				
				
				
				
				
				
				
				
				
				
				
				
				
				
				
				
				
				
				
				
				
				
				
				
				
				
				
				
				
				
				
				
				
				
				
				
				
				
				
				
				
				
				
				
				
				
				
				
				
				
				
				
				
				
				
				
				
				
				
				
				
				
				
				
				
				
				
				
				
				
				
				
				
				
				
				
				
				
				
				
				
				
				
				
				
				
				
				
				
				
				
				
				
				
				
				
				
				
				
				
				
				
				
				
				
				
				
				
				
				
				
				
				
				
				
				
				
				
				
				
				
				
				
				
				
				
				
				
				
				
				
				
				
				
				
				
				
				
				
				
				
				
				
				
				
				
				
				
				
				
				
				
				
				
				
				
				
				
				
				
				
				
				
				
				
				
				
				
				
				
				
				
				
				
				
				
				
				
				
				
				
				
				
				
				
				
				
				
				
				
				
				
				
				
				
				
				
				
				
				
				
				
				
				
				
				
				
				
				
				
				
				
				
				
				
				
				
				
				
				
				
				
				
				
				
				
				
				
				
				
				
				
				
				
				
				
				
				
				
				
				
				
				
				
				
				
				
				
				
				
				
				
				
				
				
				
				
				
				
				
				
				
				
				
				
				
				
				
				
				
				
				
				
				
				
				
				
				
				
				
				
				
				
				
				
				
				
				
				
				
				
				
				
				
				
				
				
				
				
				
				
				
				
				
				
				
				
				
				
				
				
				
				
				
				
				
				
				
				
				
				
				
				
				
				
				
				
				
				
				
				
				
				
				
				
				
				
				
				
				
				
				
				
				
				
				
				
				
				
				
				
				
				
				
				
				
				
				
				
				
				
				
				
				
				
				
				
				
				
				
				
				
				
				
				
				
				
				
				
				
				
				
				
				
				
				
				
				
				
				
				
				
				
				
				
				
				
				
				
				
				
				
				
				
				
				
				
				
				
				
				
				
				
				
				
				
				
				
				
				
				
				
				
				
				
				
				
				
				
				
				
				
				
				
				
				
				
				
				
				
				
				
				
				
				
				
				
				
				
				
				
				
				
				
				
				
				
				
				
				
				
				
				
				
				
				
				
				
				
				
				
				
				
				
				
				
				
				
				
				
				
				
				
				
				
				
				
				
				
				
				
				
				
				
				
				
				
				
				
				
				
				
				
				
				
				
				
				
				
				
				
				
				
				
				
				
				
				
				
				
				
				
				
				
				
				
				
				
				
				
				
				
				
				
				
				
				
				
				
				
				
				
				
				
				
				
				
				
				
				
				
				
				
				
				
				
				
				
				
				
				
				
				
				
				
				
				
				
				
				
				
				
				
				
				
				
				
				
				
				
				
				
				
				
				
				
				
				
				
				
				
				
				
				
				
				
				
				
				
				
				
				
				
				
				
				
				
				
				
				
				
				
				
				
				
				
				
				
				
				
				
				
				
				
				
				
				
				
				
				
				
				
				
				
				
				
				
				
				
				
				
				
				
				
				
				
				
				
				
				
				
				
				
				
				
				
				
				
				
				
				
				
				
				
				
				
				
				
				
				
				
				
				
				
				
				
				
				
				
				
				
				
				
				
				
				
				
				
				
				
				
				
				
				
				
				
				
				
				
				
				
				
				
				
				
				
				
				
				
				
				
				
				
				
				
				
				
				
				
				
				
				
				
				
				
				
				
				
				
				
				
				
				
				
				
				
				
				
				
				
				
				
				
				
				
				
				
				
				
				
				
				
				
				
				
				
				
				
				
				
				
				
				
				
				
				
				
				
				
				
				
				
				
				
				
				
				
				
				
				
				
				
				
				
				
				
				
				
				
				
				
				
				
				
				
				
				
				
				
				
				
				
				
				
				
				
				
				
				
				
				
				
				
				
				
				
				
				
				
				
				
				
				
				
				
				
				
				
				
				
				
				
				
				
				
				
				
				
				
				
				
				
				
				
				
				
				
				
				
				
				
				
				
				
				
				
				
				
				
				
				
				
				
				
				
				
				
				
				
				
				
				
				
				
				
				
				
				
				
				
				
				
				
				
				
				
				
				
				
				
				
				
				
				
				
				
				
				
				
				
				
				
				
				
				
				
				
				
				
				
				
				
				
				
				
				
				
				
				
				
				
				
				
				
				
				
				
				
				
				
				
				
				
				
				
				
				
				
				
				
				
				
				
				
				
				
				
				
				
				
				
				
				
				
				
				
				
				
				
				
				
				
				
				
				
				
				
				
				
				
				
				
				
				
				
				
				
				
				
				
				
				
				
				
				
				
				
				
				
				
				
				
				
				
				
				
				
				
				
				
				
				
				
				
				
				
				
				
				
				
				
				
				
				
				
				
				
				
				
				
				
				
				
				
				
				
				
				
				
				
				
				
				
				
				
				
				
				
				
				
				
				
				
				
				
				
				
				
				
				
				
				
				
				
				
				
				
				
				
				
				
				
				
				
				
				
				
				
				
				
				
				
				
				
				
				
				
				
				
				
				
				
				
				
				
				
				
				
				
				
				
				
				
				
				
				
				
				
				
				
				
				
				
				
				
				
				
				
				
				
				
				
				
				
				
				
				
				
				
				
				
				
				
				
				
				
				
				
				
				
				
				
				
				
				
				
				
				
				
				
				
				
				
				
				
				
				
				
				
				
				
				
				
				
				
				
				
				
				
				
				
				
				
				
				
				
				
				
				
				
				
				
				
				
				
				
				
				
				
				
				
				
				
				
				
				
				
				
				
				
				
				
				
				
				
				
				
				
				
				
				
				
				
				
				
				
				
				
				
				
				
				
				
				
				
				
				
				
				
				
				
				
				
				
				
				
				
				
				
				
				
				
				
				
				
				
				
				
				
				
				
				
				
				
				
				
				
				
				
				
				
				
				
				
				
				
				
				
				
				
				
				
				
				
				
				
				
				
				
				
				
				
				
				
				
				
				
				
				
				
				
				
				
				
				
				
				
				
				
				
				
				
				
				
				
				
				
				
				
				
				
				
				
				
				
				
				
				
				
				
				
				
				
				
				
				
				
				
				
				
				
				
				
				
				
				
				
				
				
				
				
				
				
				
				
				
				
				
				
				
				
				
				
				
				
				
				
				
				
				
				
				
				
				
				
				
				
				
				
				
				
				
				
				
				
				
				
				
				
				
				
				
				
				
				
				
				
				
				
				
				
				
				
				
				
				
				
				
				
				
				
				
				
				
				
				
				
				
				
				
				
				
				
				
				
				
				
				
				
				
				
				
				
				
				
				
				
				
				
				
				
				
				
				
				
				
				
				
				
				
				
				
				
				
				
				
				
				
				
				
				
				
				
				
				
				
				
				
				
				
				
				
				
				
				
				
				
				
				
				
				
				
				
				
				
				
				
				
				
				
				
				
				
				
				
				
				
				
				
				
				
				
				
				
				
				
				
				
				
				
				
				
				
				
				
				
				
				
				
				
				
				
				
				
				
				
				
				
				
				
				
				
				
				
				
				
				
				
				
				
				
				
				
				
				
				
				
				
				
				
				
				
				
				
				
				
				
				
				
				
				
				
				
				
				
				
				
				
				
				
				
				
				
				
				
				
				
				
				
				
				
				
				
				
				
				
				
				
				
				
				
				
				
				
				
				
				
				
				
				
				
				
				
				
				
				
				
				
				
				
				
				
				
				
				
				
				
				
				
				
				
				
				
				
				
				
				
				
				
				
				
				
				
				
				
				
				
				
				
				
				
				
				
				
				
				
				
				
				
				
				
				
				
				
				
				
				
				
				
				
				
				
				
				
				
				
				
				
				
				
				
				
				
				
				
				
				
				
				
				
				
				
				
				
				
				
				
				
				
				
				
				
				
				
				
				
				
				
				
				
				
				
				
				
				
				
				
				
				
				
				
				
				
				
				
				
				
				
				
				
				
				
				
				
				
				
				
				
				
				
				
				
				
				
				
				
				
				
				
				
				
				
				
				
				
				
				
				
				
				
				
				
				
				
				
				
				
				
				
				
				
				
				
				
				
				
				
				
				
				
				
				
				
				
				
				
				
				
				
				
				
				
				
				
				
				
				
				
				
				
				
				
				
				
				
				
				
				
				
				
				
				
				
				
				
				
				
				
				
				
				
				
				
				
				
				
				
				
				
				
				
				
				
				
				
				
				
				
				
				
				
				
				
				
				
				
				
				
				
				
				
				
				
				
				
				
				
				
				
				
				
				
				
				
				
				
				
				
				
				
				
				
				
				
				
				
				
				
				
				
				
				
				
				
				
				
				
				
				
				
				
				
				
				
				
				
				
				
				
				
				
				
				
				
				
				
				
				
				
				
				
				
				
				
				
				
				
				
				
				
				
				
				
				
				
				
				
				
				
				
				
				
				
				
				
				
				
				
				
				
				
				
				
				
				
				
				
				
				
				
				
				
				
				
				
				
				
				
				
				
				
				
				
				
				
				
				
				
				
				
				
				
				
				
				
				
				
				
				
				
				
				
				
				
				
				
				
				
				
				
				
				
				
				
				
				
				
				
				
				
				
				
				
				
				
				
				
				
				
				
				
				
				
				
				
				
				
				
				
				
				
				
				
				
				
				
				
				
				
				
				
				
				
				
				
				
				
				
				
				
				
				
				
				
				
				
				
				
				
				
				
				
				
				
				
				
				
				
				
				
				
				
				
				
				
				
				
				
				
				
				
				
				
				
				
				
				
				
				
				
				
				
				
				
				
				
				
				
				
				
				
				
				
				
				
				
				
				
				
				
				
				
				
				
				
				
				
				
				
				
				
				
				
				
				
				
				
				
				
				
				
				
				
				
				
				
				
				
				
				
				
				
				
				
				
				
				
				
				
				
				
				
				
				
				
				
				
				
				
				
				
				
				
				
				
				
				
				
				
				
				
				
				
				
				
				
				
				
				
				
				
				
				
				
				
				
				
				
				
				
				
				
				
				
				
				
				
				
				
				
				
				
				
				
				
				
				
				
				
				
				
				
				
				
				
				
				
				
				
				
				
				
				
				
				
				
				
				
				
				
				
				
				
				
				
				
				
				
				
				
				
				
				
				
				
				
				
				
				
				
				
				
				
				
				
				
				
				
				
				
				
				
				
				
				
				
				
				
				
				
				
				
				
				
				
				
				
				
				
				
				
				
				
				
				
				
				
				
				
				
				
				
				
				
				
				
				
				
				
				
				
				
				
				
				
				
				
				
				
				
				
				
				
				
				
				
				
				
				
				
				
				
				
				
				
				
				
				
				
				
				
				
				
				
				
				
				
				
				
				
				
				
				
				
				
				
				
				
				
				
				
				
				
				
				
				
				
				
				
				
				
				
				
				
				
				
				
				
				
				
				
				
				
				
				
				
				
				
				
				
				
				
				
				
				
				
				
				
				
				
				
				
				
				
				
				
				
				
				
				
				
				
				
				
				
				
				
				
				
				
				
				
				
				
				
				
				
				
				
				
				
				
				
				
				
				
				
				
				
				
				
				
				
				
				
				
				
				
				
				
				
				
				
				
				
				
				
				
				
				
				
				
				
				
				
				
				
				
				
				
				
				
				
				
				
				
				
				
				
				
				
				
				
				
				
				
				
				
				
				
				
				
				
				
				
				
				
				
				
				
				
				
				
				
				
				
				
				
				
				
				
				
				
				
				
				
				
				
				
				
				
				
				
				
				
				
				
				
				
				
				
				
				
				
				
				
				
				
				
				
				
				
				
				
				
				
				
				
				
				
				
				
				
				
				
				
				
				
				
				
				
				
				
				
				
				
				
				
				
				
				
				
				
				
				
				
				
				
				
				
				
				
				
				
				
				
				
				
				
				
				
				
				
				
				
				
				
				
				
				
				
				
				
				
				
				
				
				
				
				
				
				
				
				
				
				
				
				
				
				
				
				
				
				
				
				
				
				
