ChannelTitle=	Vol. Pulse	Blood Flow	ECG	
0	0	3	20.6	
0.005	0.04	14.2	125.4	
0.01	0.14	21.4	97.6	
0.015	0.25	22	-44.8	
0.02	0.35	22.3	25.8	
0.025	0.46	22.3	91.6	
0.03	0.57	21.5	-45.7	
0.035	0.67	19.6	-44	
0.04	0.76	17	69.1	
0.045	0.83	14	-16.9	
0.05	0.89	11	-85.3	
0.055	0.94	8.4	28.4	
0.06	0.97	5.8	18.4	
0.065	0.99	3.2	-95.3	
0.07	0.99	0.9	-12	
0.075	0.99	-1	55.8	
0.08	0.97	-2.6	-73.8	
0.085	0.95	-4.1	-62.6	
0.09	0.92	-5.3	66.7	
0.095	0.89	-6.3	-15.8	
0.1	0.85	-7.1	-88	
0.105	0.81	-7.5	32.3	
0.11	0.77	-8.1	20	
0.115	0.72	-8.8	-97.6	
0.12	0.68	-9.1	-15.8	
0.125	0.63	-9	53	
0.13	0.58	-8.9	-75.8	
0.135	0.53	-8.6	-73.9	
0.14	0.49	-8.3	47.8	
0.145	0.45	-8.2	-25	
0.15	0.4	-8.3	-89.5	
0.155	0.36	-8.3	31.1	
0.16	0.32	-8.4	27.7	
0.165	0.27	-8.4	-81.6	
0.17	0.23	-8.2	-6.3	
0.175	0.19	-8.2	62.7	
0.18	0.14	-8.7	-47.8	
0.185	0.1	-9.3	-51.3	
0.19	0.05	-9.5	53.8	
0.195	0	-9.9	-11.5	
0.2	-0.05	-10.1	-75.4	
0.205	-0.1	-10	32.5	
0.21	-0.14	-9.7	32.9	
0.215	-0.19	-9.4	-71.3	
0.22	-0.24	-9	-5.3	
0.225	-0.28	-8.6	54.8	
0.23	-0.32	-8.1	-51.6	
0.235	-0.36	-7.5	-43.7	
0.24	-0.39	-6.6	54.8	
0.245	-0.42	-5.9	-13.8	
0.25	-0.45	-5.2	-64.2	
0.255	-0.47	-4.1	38.5	
0.26	-0.48	-3.2	29.8	
0.265	-0.5	-2.5	-69.7	
0.27	-0.5	-1.9	-5.2	
0.275	-0.51	-1.4	51	
0.28	-0.51	-1.3	-51.2	
0.285	-0.52	-1.1	-47.3	
0.29	-0.52	-0.7	55.5	
0.295	-0.52	-0.3	-0.1	
0.3	-0.52	0.1	-55.8	
0.305	-0.51	0.7	37.7	
0.31	-0.51	0.8	36.1	
0.315	-0.5	0.4	-57	
0.32	-0.5	-0.2	4.5	
0.325	-0.5	-0.5	60.8	
0.33	-0.5	-0.7	-41.8	
0.335	-0.5	-0.7	-34.4	
0.34	-0.5	-0.4	62.1	
0.345	-0.5	-0.5	-7.1	
0.35	-0.5	-1	-69.5	
0.355	-0.51	-1.7	26.4	
0.36	-0.52	-2.5	30	
0.365	-0.53	-3.5	-64.3	
0.37	-0.55	-4	-9.4	
0.375	-0.56	-4.2	45.9	
0.38	-0.58	-4.4	-38.8	
0.385	-0.6	-4.3	-21.7	
0.39	-0.62	-4	81.4	
0.395	-0.64	-3.8	27.8	
0.4	-0.65	-3.7	-28.7	
0.405	-0.67	-3.7	54.8	
0.41	-0.68	-4	57.6	
0.415	-0.7	-4.6	-3.3	
0.42	-0.72	-4.9	64.9	
0.425	-0.74	-5	104.1	
0.43	-0.77	-5.1	19.1	
0.435	-0.79	-5	27.2	
0.44	-0.81	-4.8	99.9	
0.445	-0.83	-4.8	47.7	
0.45	-0.85	-5	5.7	
0.455	-0.87	-4.9	88.2	
0.46	-0.89	-4.9	77	
0.465	-0.91	-4.9	-13.2	
0.47	-0.93	-4.7	30.9	
0.475	-0.95	-4.4	74.6	
0.48	-0.97	-4.4	-12	
0.485	-0.98	-4.5	-21.8	
0.49	-1	-4.4	51.1	
0.495	-1.02	-4.2	-11.6	
0.5	-1.03	-4.1	-59.9	
0.505	-1.05	-4	30.2	
0.51	-1.07	-4.1	22.2	
0.515	-1.08	-4.5	-55.8	
0.52	-1.1	-4.5	-2.5	
0.525	-1.12	-4.3	36.6	
0.53	-1.13	-4	-46.5	
0.535	-1.15	-3.5	-47.8	
0.54	-1.16	-3	29.9	
0.545	-1.17	-2.9	-20.3	
0.55	-1.18	-3.1	-75.1	
0.555	-1.19	-3.3	0.6	
0.56	-1.2	-3.5	-8.4	
0.565	-1.21	-3.5	-89.3	
0.57	-1.22	-3.1	-17	
0.575	-1.23	-2.6	56.5	
0.58	-1.24	-2.5	59.4	
0.585	-1.24	-2.5	209.3	
0.59	-1.25	-2.4	325.3	
0.595	-1.26	-2.5	123.2	
0.6	-1.26	-2.6	-0.5	
0.605	-1.27	-2.4	100.8	
0.61	-1.28	-2.2	-96.1	
0.615	-1.28	-2.1	-424.5	
0.62	-1.29	-1.9	-373.9	
0.625	-1.29	-1.5	-173.8	
0.63	-1.29	-1.4	-151.1	
0.635	-1.29	-1.4	-123.5	
0.64	-1.29	-1.4	-17.2	
0.645	-1.29	-1.7	-28.5	
0.65	-1.3	-2.1	-56	
0.655	-1.3	-2.3	17.9	
0.66	-1.31	-2.4	22.3	
0.665	-1.31	-2.6	-33.4	
0.67	-1.32	-2.5	9.8	
0.675	-1.33	-2.4	58	
0.68	-1.33	-2.4	-0.9	
0.685	-1.34	-2.3	-3.2	
0.69	-1.34	-1.9	66.8	
0.695	-1.35	-1.8	31.9	
0.7	-1.35	-2	-1	
0.705	-1.35	-2.1	64.3	
0.71	-1.36	-2.4	65.2	
0.715	-1.36	-2.8	5.9	
0.72	-1.37	-3.1	43.5	
0.725	-1.38	-3	82.6	
0.73	-1.39	-3	24.7	
0.735	-1.4	-2.8	28.1	
0.74	-1.41	-2.7	89.6	
0.745	-1.41	-2.8	55	
0.75	-1.42	-3	25.9	
0.755	-1.43	-2.8	94.5	
0.76	-1.44	-2.7	90.7	
0.765	-1.44	-2.8	30	
0.77	-1.45	-2.9	82.2	
0.775	-1.46	-2.7	122	
0.78	-1.47	-2.5	61.7	
0.785	-1.47	-2.1	69.7	
0.79	-1.47	-1.8	125.4	
0.795	-1.48	-1.8	94	
0.8	-1.48	-1.8	67.3	
0.805	-1.48	-1.1	123.9	
0.81	-1.47	0.3	132.2	
0.815	-1.46	2.1	79.2	
0.82	-1.44	4.8	113.8	
0.825	-1.4	7.9	152.8	
0.83	-1.35	11	85.4	
0.835	-1.28	14.3	80.6	
0.84	-1.19	17.3	126.9	
0.845	-1.09	19.5	72.4	
0.85	-0.99	20.8	34.9	
0.855	-0.88	21.8	78.4	
0.86	-0.76	22.4	59.9	
0.865	-0.65	22.1	-9.3	
0.87	-0.54	21.1	15.8	
0.875	-0.43	19.5	48.3	
0.88	-0.34	17.4	-9.6	
0.885	-0.26	15	-13.7	
0.89	-0.19	12.5	35.4	
0.895	-0.13	9.6	-2	
0.9	-0.09	6.7	-37.3	
0.905	-0.06	4.2	10	
0.91	-0.05	2.1	7	
0.915	-0.04	0.2	-42	
0.92	-0.04	-1.2	-8.8	
0.925	-0.05	-2.3	22.2	
0.93	-0.07	-3.3	-31.5	
0.935	-0.09	-4.1	-38.1	
0.94	-0.11	-4.5	15.4	
0.945	-0.13	-5.1	-14.1	
0.95	-0.16	-5.8	-56.8	
0.955	-0.19	-6.3	2	
0.96	-0.22	-6.8	12.7	
0.965	-0.25	-7.2	-48.2	
0.97	-0.29	-7.3	-19.9	
0.975	-0.32	-7.1	11.7	
0.98	-0.36	-7.2	-37.1	
0.985	-0.39	-7.1	-31.1	
0.99	-0.42	-7	19.5	
0.995	-0.46	-7.1	-7.8	
1	-0.49	-7.4	-37.3	
1.005	-0.53	-7.5	11.9	
1.01	-0.56	-7.6	7.2	
1.015	-0.6	-7.8	-49	
1.02	-0.63	-7.8	1.1	
1.025	-0.67	-7.8	41.1	
1.03	-0.71	-7.8	-23.5	
1.035	-0.74	-7.8	-24.6	
1.04	-0.78	-7.8	24.9	
1.045	-0.81	-8.1	-7.7	
1.05	-0.85	-8.4	-32.1	
1.055	-0.89	-8.2	17.9	
1.06	-0.92	-7.9	17.1	
1.065	-0.96	-7.3	-29.1	
1.07	-0.99	-6.2	-1.4	
1.075	-1.01	-5	21.5	
1.08	-1.03	-3.9	-21.9	
1.085	-1.04	-2.9	-16.7	
1.09	-1.05	-2	28.1	
1.095	-1.05	-1.3	6.3	
1.1	-1.05	-0.9	-18.7	
1.105	-1.05	-0.5	17	
1.11	-1.05	-0.3	17.4	
1.115	-1.04	-0.3	-18.5	
1.12	-1.04	0	3.9	
1.125	-1.03	0.5	26.2	
1.13	-1.02	1.1	-16.4	
1.135	-1.01	1.6	-11.1	
1.14	-1	2.2	31.3	
1.145	-0.98	2.3	0.4	
1.15	-0.97	2.1	-22.3	
1.155	-0.95	1.9	19.9	
1.16	-0.94	1.5	19.5	
1.165	-0.93	1	-21.4	
1.17	-0.92	0.7	4.9	
1.175	-0.92	0.7	26.9	
1.18	-0.91	0.7	-14.5	
1.185	-0.9	0.8	-9.1	
1.19	-0.89	0.9	27	
1.195	-0.88	0.7	0.1	
1.2	-0.88	0.1	-21.5	
1.205	-0.87	-0.4	7.7	
1.21	-0.87	-0.8	6.6	
1.215	-0.87	-1.3	-10.5	
1.22	-0.88	-1.5	30.7	
1.225	-0.88	-1.6	60.4	
1.23	-0.89	-1.8	10	
1.235	-0.89	-1.9	-7.6	
1.24	-0.9	-2	31.4	
1.245	-0.9	-2.4	25.9	
1.25	-0.91	-3.1	29.9	
1.255	-0.93	-3.7	74.1	
1.26	-0.94	-4.1	61.6	
1.265	-0.96	-4.3	25.2	
1.27	-0.97	-4	55.2	
1.275	-0.99	-3.5	73.1	
1.28	-1	-3.3	41.6	
1.285	-1.01	-3.1	40.8	
1.29	-1.02	-3.1	70.2	
1.295	-1.03	-3.2	53.3	
1.3	-1.04	-3.2	14.8	
1.305	-1.06	-2.9	32.9	
1.31	-1.06	-2.8	25.5	
1.315	-1.07	-3.1	-19	
1.32	-1.09	-3.3	4.4	
1.325	-1.1	-3.3	34.7	
1.33	-1.11	-3.4	-6.9	
1.335	-1.12	-3.3	-13.6	
1.34	-1.13	-3.1	24.1	
1.345	-1.14	-3.2	-2.2	
1.35	-1.15	-3.4	-22.7	
1.355	-1.16	-3.2	14.3	
1.36	-1.18	-3.1	5.1	
1.365	-1.19	-3.1	-36.5	
1.37	-1.2	-3	-5.1	
1.375	-1.2	-3	17.5	
1.38	-1.21	-3	-24.8	
1.385	-1.22	-2.9	-21.9	
1.39	-1.23	-2.6	1	
1.395	-1.24	-2.3	-28.2	
1.4	-1.24	-2.1	-14.5	
1.405	-1.25	-2	67.1	
1.41	-1.25	-1.8	134.8	
1.415	-1.25	-1.5	223.2	
1.42	-1.25	-1.2	253.5	
1.425	-1.25	-1.2	81.8	
1.43	-1.26	-1.7	-24.1	
1.435	-1.26	-2	-1.7	
1.44	-1.26	-1.9	-184.1	
1.445	-1.27	-1.7	-439.9	
1.45	-1.27	-1.5	-422.9	
1.455	-1.27	-1.1	-221.8	
1.46	-1.27	-0.9	-103.8	
1.465	-1.27	-0.9	-94.9	
1.47	-1.27	-0.8	-68.6	
1.475	-1.26	-0.7	-24.8	
1.48	-1.26	-0.9	-35.4	
1.485	-1.26	-1.1	-23.3	
1.49	-1.26	-1.1	14.4	
1.495	-1.26	-1.2	-0.2	
1.5	-1.26	-1.5	-12.2	
1.505	-1.26	-1.6	18.6	
1.51	-1.27	-1.8	20.3	
1.515	-1.27	-1.9	-9.7	
1.52	-1.27	-1.8	13.1	
1.525	-1.28	-1.6	36.8	
1.53	-1.28	-1.6	7	
1.535	-1.28	-1.6	3.4	
1.54	-1.28	-1.5	29.1	
1.545	-1.29	-1.7	19	
1.55	-1.29	-2.1	9.3	
1.555	-1.29	-2.3	35.9	
1.56	-1.3	-2.4	31.7	
1.565	-1.31	-2.5	6.7	
1.57	-1.31	-2.4	25.3	
1.575	-1.32	-2.1	42.5	
1.58	-1.32	-2.2	19.8	
1.585	-1.33	-2.3	17.3	
1.59	-1.33	-2.2	46.1	
1.595	-1.34	-2.2	38.1	
1.6	-1.34	-2.4	27.5	
1.605	-1.35	-2.6	52	
1.61	-1.36	-2.6	53.3	
1.615	-1.36	-2.4	30.5	
1.62	-1.37	-1.9	46	
1.625	-1.37	-1.4	71.9	
1.63	-1.37	-1.1	50.5	
1.635	-1.37	-0.7	45.9	
1.64	-1.36	0.1	80.7	
1.645	-1.36	1.2	67.4	
1.65	-1.34	2.9	41.5	
1.655	-1.31	5.4	65.5	
1.66	-1.27	8.2	60.7	
1.665	-1.22	11.1	29.7	
1.67	-1.15	14.1	43.5	
1.675	-1.07	17.1	48.9	
1.68	-0.97	19.3	12.7	
1.685	-0.87	20.6	0.6	
1.69	-0.76	21.2	9.6	
1.695	-0.65	21	-17.2	
1.7	-0.54	20.1	-50.5	
1.705	-0.44	19.1	-31.5	
1.71	-0.35	17.8	-22.3	
1.715	-0.26	16.1	-50.3	
1.72	-0.19	14.3	-46.9	
1.725	-0.12	12.1	-36.7	
1.73	-0.06	9.3	-59.8	
1.735	-0.03	6.6	-61.8	
1.74	0	4.2	-40.4	
1.745	0.02	2	-57.7	
1.75	0.02	0	-71.3	
1.755	0.02	-1.4	-39.8	
1.76	0.01	-2.5	-42.1	
1.765	-0.01	-3.6	-78.5	
1.77	-0.03	-4.5	-66.2	
1.775	-0.05	-5.5	-48.2	
1.78	-0.08	-6.7	-71.9	
1.785	-0.12	-7.8	-69.6	
1.79	-0.16	-8.4	-43.6	
1.795	-0.2	-8.6	-58.3	
1.8	-0.24	-8.6	-78	
1.805	-0.28	-8.3	-58.9	
1.81	-0.32	-8.2	-56.4	
1.815	-0.36	-8.2	-78.3	
1.82	-0.4	-8	-66.6	
1.825	-0.44	-7.7	-48.9	
1.83	-0.48	-7.7	-62.5	
1.835	-0.51	-7.8	-67.4	
1.84	-0.55	-7.8	-48	
1.845	-0.58	-7.9	-60.8	
1.85	-0.62	-8.1	-74.5	
1.855	-0.66	-8.3	-48.3	
1.86	-0.7	-8.7	-55.4	
1.865	-0.74	-9.2	-79	
1.87	-0.78	-9.4	-64.7	
1.875	-0.83	-9.5	-53.5	
1.88	-0.87	-9.7	-72.4	
1.885	-0.92	-9.5	-72.9	
1.89	-0.96	-8.8	-55.4	
1.895	-1	-8.1	-68.5	
1.9	-1.03	-7.3	-78.8	
1.905	-1.06	-6.5	-61.9	
1.91	-1.08	-5.7	-62.1	
1.915	-1.11	-5	-82.3	
1.92	-1.12	-4	-78.8	
1.925	-1.14	-3.1	-60.6	
1.93	-1.14	-2.6	-71.3	
1.935	-1.15	-2.2	-79.6	
1.94	-1.16	-1.5	-62.9	
1.945	-1.16	-0.9	-64.1	
1.95	-1.15	-0.6	-73.3	
1.955	-1.15	-0.3	-71.3	
1.96	-1.15	-0.2	-79.6	
1.965	-1.14	-0.4	-92.8	
1.97	-1.14	-0.5	-84.3	
1.975	-1.14	-0.4	-74.7	
1.98	-1.13	-0.5	-93.1	
1.985	-1.13	-0.3	-100.8	
1.99	-1.13	0.2	-81.8	
1.995	-1.12	0.4	-89.5	
2	-1.11	0.4	-103.9	
2.005	-1.1	0.4	-84.8	
2.01	-1.1	0	-81.3	
2.015	-1.09	-0.6	-106.6	
2.02	-1.09	-1.1	-83.8	
2.025	-1.1	-1.5	-43.8	
2.03	-1.1	-1.9	-64.1	
2.035	-1.1	-2.1	-85.5	
2.04	-1.11	-2	-72.7	
2.045	-1.11	-2.3	-76.3	
2.05	-1.12	-2.8	-73.1	
2.055	-1.13	-3.2	-36.5	
2.06	-1.14	-3.6	-37.5	
2.065	-1.16	-4	-59.6	
2.07	-1.17	-4.1	-45.9	
2.075	-1.19	-4.2	-38	
2.08	-1.2	-4.5	-53.5	
2.085	-1.22	-4.9	-45	
2.09	-1.24	-5.2	-24.2	
2.095	-1.26	-5.4	-43.1	
2.1	-1.28	-5.5	-65.7	
2.105	-1.3	-5.5	-57.9	
2.11	-1.33	-5.5	-62.4	
2.115	-1.35	-5.6	-89.4	
2.12	-1.37	-5.4	-94.5	
2.125	-1.39	-5	-89.8	
2.13	-1.41	-5	-103.4	
2.135	-1.43	-4.9	-101.4	
2.14	-1.44	-4.7	-92.5	
2.145	-1.46	-4.9	-104	
2.15	-1.48	-5.2	-106.1	
2.155	-1.5	-5.2	-95.5	
2.16	-1.52	-5	-96.7	
2.165	-1.53	-4.7	-115.1	
2.17	-1.55	-4.3	-113.9	
2.175	-1.56	-4	-100.8	
2.18	-1.58	-4	-118.3	
2.185	-1.59	-4.1	-117.5	
2.19	-1.6	-4.2	-112.9	
2.195	-1.62	-4.4	-140.4	
2.2	-1.63	-4.4	-135.8	
2.205	-1.65	-4.2	-86.8	
2.21	-1.66	-4.1	-29.3	
2.215	-1.67	-4.2	59.3	
2.22	-1.69	-4	152.1	
2.225	-1.7	-3.8	59.5	
2.23	-1.71	-3.8	-135.7	
2.235	-1.72	-4	-123.2	
2.24	-1.73	-4	-147.9	
2.245	-1.74	-4.1	-387.5	
2.25	-1.76	-4	-493.8	
2.255	-1.77	-3.7	-372	
2.26	-1.78	-3.3	-240.6	
2.265	-1.79	-3.2	-201.7	
2.27	-1.79	-3	-179.7	
2.275	-1.8	-2.8	-139.7	
2.28	-1.8	-2.7	-119.2	
2.285	-1.81	-2.7	-114.1	
2.29	-1.81	-2.6	-100.9	
2.295	-1.82	-2.8	-93.6	
2.3	-1.83	-2.9	-93.5	
2.305	-1.83	-2.7	-85.4	
2.31	-1.84	-2.5	-78.6	
2.315	-1.84	-2.4	-79	
2.32	-1.84	-2.2	-66.8	
2.325	-1.84	-2	-55.2	
2.33	-1.85	-2.2	-68.9	
2.335	-1.85	-2.7	-70.6	
2.34	-1.86	-3.1	-53.6	
2.345	-1.86	-3.6	-55.1	
2.35	-1.88	-3.8	-57	
2.355	-1.89	-3.6	-40.6	
2.36	-1.89	-3.2	-43	
2.365	-1.9	-3	-61.1	
2.37	-1.91	-2.9	-46	
2.375	-1.91	-2.7	-24.9	
2.38	-1.92	-2.6	-42	
2.385	-1.92	-2.5	-52.5	
2.39	-1.92	-2.5	-31.6	
2.395	-1.93	-2.8	-23.6	
2.4	-1.93	-2.9	-26.8	
2.405	-1.94	-2.7	-14.8	
2.41	-1.94	-2.4	-6.2	
2.415	-1.95	-2.2	-11.5	
2.42	-1.95	-1.9	-6.2	
2.425	-1.95	-1.4	2.1	
2.43	-1.94	-1.4	-1.9	
2.435	-1.94	-1.5	5.6	
2.44	-1.94	-1	23.5	
2.445	-1.93	0.4	24.3	
2.45	-1.92	2.4	20.5	
2.455	-1.89	5	29.6	
2.46	-1.85	7.8	28.7	
2.465	-1.79	10.5	10.8	
2.47	-1.73	13.3	7.8	
2.475	-1.65	15.9	9.9	
2.48	-1.55	17.9	-9.6	
2.485	-1.45	19.5	-25.1	
2.49	-1.35	20.6	-23.9	
2.495	-1.24	20.9	-31.9	
2.5	-1.13	20.3	-47.6	
2.505	-1.02	19.3	-37.8	
2.51	-0.93	17.8	-36.8	
2.515	-0.84	15.8	-61.6	
2.52	-0.76	13.6	-64.7	
2.525	-0.7	11.2	-46.1	
2.53	-0.64	8.6	-43.6	
2.535	-0.6	6.3	-53.3	
2.54	-0.57	4.5	-46.7	
2.545	-0.55	2.6	-50.1	
2.55	-0.54	0.7	-62	
2.555	-0.54	-0.8	-46.1	
2.56	-0.55	-2.2	-34	
2.565	-0.56	-3.5	-47.2	
2.57	-0.58	-4.6	-45.2	
2.575	-0.6	-5.4	-33.8	
2.58	-0.62	-6.1	-41.1	
2.585	-0.65	-6.6	-41.5	
2.59	-0.68	-6.9	-30.3	
2.595	-0.72	-7.3	-34.8	
2.6	-0.75	-7.7	-42.3	
2.605	-0.79	-7.5	-31.7	
2.61	-0.82	-7.1	-26.5	
2.615	-0.85	-6.9	-35.8	
2.62	-0.88	-6.7	-28.8	
2.625	-0.91	-6.6	-13.5	
2.63	-0.94	-6.7	-27.2	
2.635	-0.97	-6.7	-30.7	
2.64	-1	-6.4	-16.5	
2.645	-1.02	-6.1	-19.4	
2.65	-1.05	-6.2	-15.8	
2.655	-1.07	-6.5	-6	
2.66	-1.1	-7.1	-10.2	
2.665	-1.14	-7.9	-19.8	
2.67	-1.17	-8.4	-14.7	
2.675	-1.21	-8.5	-5.9	
2.68	-1.25	-8.7	-7.9	
2.685	-1.28	-8.7	-3.1	
2.69	-1.32	-8.3	3.9	
2.695	-1.35	-7.7	-2.8	
2.7	-1.39	-6.9	-7.4	
2.705	-1.41	-6	1.7	
2.71	-1.43	-5.4	3.3	
2.715	-1.45	-5.2	-1.5	
2.72	-1.47	-5	11.6	
2.725	-1.49	-4.5	17.8	
2.73	-1.5	-3.9	1.2	
2.735	-1.51	-3.3	-3.3	
2.74	-1.52	-2.5	16.9	
2.745	-1.53	-1.8	17	
2.75	-1.53	-1.5	-1.3	
2.755	-1.53	-1.1	5.1	
2.76	-1.52	-0.8	13.1	
2.765	-1.52	-0.6	9	
2.77	-1.51	-0.4	7.8	
2.775	-1.51	-0.3	16.2	
2.78	-1.5	-0.6	21.1	
2.785	-1.5	-0.5	13.6	
2.79	-1.5	0	17.1	
2.795	-1.49	0.4	17	
2.8	-1.48	0.4	8	
2.805	-1.47	0.3	15.1	
2.81	-1.46	0	20.7	
2.815	-1.46	-0.5	13.5	
2.82	-1.45	-0.8	15.4	
2.825	-1.45	-0.9	22.2	
2.83	-1.45	-1.1	19.4	
2.835	-1.45	-1.1	18.3	
2.84	-1.45	-1.1	18.7	
2.845	-1.45	-1.3	26.1	
2.85	-1.45	-1.8	41.3	
2.855	-1.45	-1.9	54.4	
2.86	-1.45	-2	51	
2.865	-1.46	-2.5	30.3	
2.87	-1.47	-3.1	35.1	
2.875	-1.48	-3.6	58.1	
2.88	-1.49	-3.9	78.8	
2.885	-1.5	-3.9	94	
2.89	-1.51	-3.7	92.6	
2.895	-1.52	-3.8	82.3	
2.9	-1.54	-4.2	80.4	
2.905	-1.55	-4.4	91.6	
2.91	-1.57	-4.4	91.6	
2.915	-1.58	-4.4	84.6	
2.92	-1.6	-4.3	90.3	
2.925	-1.61	-4.1	89.3	
2.93	-1.62	-4.1	74.1	
2.935	-1.64	-4.1	66.5	
2.94	-1.65	-3.9	68.2	
2.945	-1.66	-3.9	50.2	
2.95	-1.67	-3.9	30.9	
2.955	-1.69	-3.9	44.6	
2.96	-1.7	-3.8	52.9	
2.965	-1.71	-3.8	42.8	
2.97	-1.72	-3.6	45.5	
2.975	-1.73	-3.5	46.6	
2.98	-1.74	-3.7	39.8	
2.985	-1.75	-3.8	40.7	
2.99	-1.76	-3.7	40.5	
2.995	-1.77	-3.8	36.1	
3	-1.78	-4.1	36.4	
3.005	-1.79	-4	48.4	
3.01	-1.8	-3.8	49.7	
3.015	-1.81	-3.6	28.5	
3.02	-1.82	-3.3	15.4	
3.025	-1.83	-3.1	20.6	
3.03	-1.84	-3.2	38.3	
3.035	-1.85	-3.3	69.3	
3.04	-1.85	-3.3	157.6	
3.045	-1.86	-3.2	284.5	
3.05	-1.87	-3.1	303.2	
3.055	-1.87	-2.7	146	
3.06	-1.88	-2.3	41.9	
3.065	-1.88	-2.1	77.2	
3.07	-1.88	-2	-61.9	
3.075	-1.88	-2.1	-309.7	
3.08	-1.89	-2.6	-316.7	
3.085	-1.89	-2.9	-156.3	
3.09	-1.9	-2.9	-55.5	
3.095	-1.9	-2.7	-30.5	
3.1	-1.91	-2.3	-10.5	
3.105	-1.91	-1.9	31.7	
3.11	-1.91	-1.7	55	
3.115	-1.91	-2	52.3	
3.12	-1.91	-2.2	68.2	
3.125	-1.92	-2.2	78.8	
3.13	-1.92	-2.3	71.3	
3.135	-1.92	-2.1	72.6	
3.14	-1.92	-1.8	86.3	
3.145	-1.92	-1.7	88.8	
3.15	-1.92	-1.7	77.2	
3.155	-1.92	-1.7	91.6	
3.16	-1.92	-1.8	103.5	
3.165	-1.92	-2.3	90.9	
3.17	-1.92	-2.7	98.3	
3.175	-1.93	-2.8	110.3	
3.18	-1.93	-2.9	104.6	
3.185	-1.94	-2.8	102.5	
3.19	-1.94	-2.5	108.8	
3.195	-1.95	-2.5	109	
3.2	-1.95	-2.8	112.5	
3.205	-1.96	-2.7	123.2	
3.21	-1.96	-2.6	120.8	
3.215	-1.97	-2.7	118.8	
3.22	-1.97	-2.7	135.3	
3.225	-1.97	-2.5	148.3	
3.23	-1.98	-2.4	141.2	
3.235	-1.98	-2.3	139.3	
3.24	-1.98	-2.2	149.9	
3.245	-1.98	-2.3	150.2	
3.25	-1.99	-2.5	147.9	
3.255	-1.99	-2.3	161.5	
3.26	-1.99	-1.6	173.9	
3.265	-1.99	-0.5	163.6	
3.27	-1.98	1.3	164.6	
3.275	-1.96	3.7	179.9	
3.28	-1.92	6.2	180.1	
3.285	-1.87	9	180.8	
3.29	-1.81	12.1	185	
3.295	-1.74	15	178.8	
3.3	-1.65	17.4	168.6	
3.305	-1.55	19.8	162.9	
3.31	-1.44	21.7	155.4	
3.315	-1.32	22.8	138.7	
3.32	-1.2	23.3	129.1	
3.325	-1.08	23	126.4	
3.33	-0.96	21.6	110.7	
3.335	-0.85	19.7	103.7	
3.34	-0.76	17.6	113.1	
3.345	-0.67	15.1	107.4	
3.35	-0.6	12.5	88.8	
3.355	-0.54	10.2	87.1	
3.36	-0.49	8.3	94.2	
3.365	-0.45	6.4	93.2	
3.37	-0.42	4.8	92.5	
3.375	-0.4	3.2	99.1	
3.38	-0.39	1.5	104.8	
3.385	-0.38	0.1	101.4	
3.39	-0.38	-0.9	104.7	
3.395	-0.39	-1.9	103.8	
3.4	-0.4	-3.1	100.4	
3.405	-0.41	-4.4	103.7	
3.41	-0.44	-5.8	98.9	
3.415	-0.47	-6.6	94.4	
3.42	-0.5	-6.8	98.4	
3.425	-0.53	-6.9	109.4	
3.43	-0.56	-6.9	105.9	
3.435	-0.59	-6.6	100.5	
3.44	-0.62	-5.8	111.5	
3.445	-0.65	-5.1	103.7	
3.45	-0.67	-4.9	92.3	
3.455	-0.69	-4.9	102.2	
3.46	-0.71	-5.1	105.1	
3.465	-0.73	-5.2	94.7	
3.47	-0.76	-5.2	96.3	
3.475	-0.78	-5.1	103.6	
3.48	-0.8	-5.4	103.6	
3.485	-0.82	-5.6	108.4	
3.49	-0.85	-5.8	110.9	
3.495	-0.88	-6.2	103.3	
3.5	-0.9	-6.8	98.4	
3.505	-0.93	-7.2	109.3	
3.51	-0.97	-7.6	112.6	
3.515	-1	-7.9	105.5	
3.52	-1.04	-7.6	113	
3.525	-1.07	-7	112	
3.53	-1.1	-6.3	97.5	
3.535	-1.12	-5.7	99.3	
3.54	-1.14	-5.1	118.1	
3.545	-1.16	-4.5	113.8	
3.55	-1.18	-4	99.2	
3.555	-1.19	-3.3	108.3	
3.56	-1.2	-2.9	117.7	
3.565	-1.21	-2.6	117.6	
3.57	-1.21	-2.1	110.5	
3.575	-1.22	-1.6	110.6	
3.58	-1.22	-1.3	111.9	
3.585	-1.22	-1.1	115	
3.59	-1.22	-0.7	123.6	
3.595	-1.22	-0.4	115.5	
3.6	-1.21	-0.2	105.7	
3.605	-1.21	0.1	109.9	
3.61	-1.2	0.3	118.8	
3.615	-1.19	0.5	119.4	
3.62	-1.18	0.7	116.9	
3.625	-1.17	0.8	117	
3.63	-1.17	0.5	109.8	
3.635	-1.16	0.2	104.9	
3.64	-1.15	0.3	108.3	
3.645	-1.15	0.3	110.1	
3.65	-1.14	-0.1	106.9	
3.655	-1.14	-0.4	105.5	
3.66	-1.13	-0.7	107.3	
3.665	-1.13	-0.9	96.3	
3.67	-1.13	-0.9	92.5	
3.675	-1.13	-0.9	104.9	
3.68	-1.13	-1.3	104.8	
3.685	-1.13	-1.7	104.8	
3.69	-1.14	-2	114.4	
3.695	-1.14	-2.3	110.4	
3.7	-1.15	-2.6	102.3	
3.705	-1.16	-2.8	105.6	
3.71	-1.17	-3.1	106.2	
3.715	-1.18	-3.4	102.2	
3.72	-1.19	-3.5	103.9	
3.725	-1.2	-3.4	102.7	
3.73	-1.21	-3.6	90.5	
3.735	-1.23	-3.9	87.3	
3.74	-1.24	-4	95	
3.745	-1.26	-4.3	110.3	
3.75	-1.27	-4.4	130.5	
3.755	-1.29	-4.2	130.7	
3.76	-1.3	-3.9	115.6	
3.765	-1.32	-3.8	107.2	
3.77	-1.33	-3.7	120.5	
3.775	-1.34	-3.6	149.5	
3.78	-1.35	-3.9	159.2	
3.785	-1.37	-4.1	151.8	
3.79	-1.38	-4.2	151	
3.795	-1.4	-4.1	149.8	
3.8	-1.41	-3.9	140.9	
3.805	-1.42	-3.5	142.6	
3.81	-1.43	-3.2	147.8	
3.815	-1.44	-3.1	146.2	
3.82	-1.45	-2.9	141.3	
3.825	-1.46	-2.7	134.8	
3.83	-1.46	-2.8	120.9	
3.835	-1.47	-2.9	106.8	
3.84	-1.48	-3	108.3	
3.845	-1.49	-3.2	92.2	
3.85	-1.5	-3.3	77.8	
3.855	-1.51	-3.2	85.2	
3.86	-1.52	-3.3	83.5	
3.865	-1.53	-3.7	78.1	
3.87	-1.54	-4	76.8	
3.875	-1.55	-3.8	76.8	
3.88	-1.56	-3.5	74	
3.885	-1.57	-3.1	72.4	
3.89	-1.58	-2.6	79.2	
3.895	-1.58	-2.4	72.2	
3.9	-1.59	-2.3	61	
3.905	-1.59	-2.3	62.8	
3.91	-1.6	-2.4	59.5	
3.915	-1.6	-2.6	59.4	
3.92	-1.61	-2.6	48.8	
3.925	-1.61	-2.4	45.3	
3.93	-1.62	-2.3	68.5	
3.935	-1.62	-2.3	133.1	
3.94	-1.63	-2.1	261.9	
3.945	-1.63	-1.9	342.6	
3.95	-1.63	-1.5	233.5	
3.955	-1.63	-1.2	66.9	
3.96	-1.63	-1.3	81.5	
3.965	-1.63	-1.8	43.8	
3.97	-1.63	-2.1	-217.3	
3.975	-1.63	-2	-334.6	
3.98	-1.64	-2	-204.1	
3.985	-1.64	-1.8	-80.5	
3.99	-1.64	-1.6	-34	
3.995	-1.64	-1.7	-14.6	
4	-1.64	-1.9	13.6	
4.005	-1.64	-1.8	48.5	
4.01	-1.64	-1.7	54.1	
4.015	-1.65	-1.7	52	
4.02	-1.65	-1.8	64	
4.025	-1.65	-1.9	73.5	
4.03	-1.65	-2.1	72.8	
4.035	-1.65	-2	79.1	
4.04	-1.66	-1.8	88.8	
4.045	-1.66	-1.6	81.8	
4.05	-1.66	-1.6	84.2	
4.055	-1.66	-1.6	100	
4.06	-1.66	-1.7	100.8	
4.065	-1.66	-2.1	88.9	
4.07	-1.66	-2.5	91.4	
4.075	-1.67	-2.6	93.6	
4.08	-1.67	-2.9	84.4	
4.085	-1.68	-3.2	93.4	
4.09	-1.69	-3.2	100.5	
4.095	-1.7	-3	101.1	
4.1	-1.71	-2.7	107.8	
4.105	-1.71	-2.3	111.3	
4.11	-1.71	-2.2	111.4	
4.115	-1.72	-2.4	109.6	
4.12	-1.72	-2.5	116.7	
4.125	-1.73	-2.5	120	
4.13	-1.73	-2.5	118.4	
4.135	-1.74	-2.5	126.4	
4.14	-1.74	-2.3	142.8	
4.145	-1.74	-2.1	146	
4.15	-1.74	-1.8	131.9	
4.155	-1.74	-1.1	145.3	
4.16	-1.74	0	163.5	
4.165	-1.73	1.4	157.5	
4.17	-1.71	3.4	155.2	
4.175	-1.68	6	165.4	
4.18	-1.63	8.9	174.3	
4.185	-1.57	12.3	165.8	
4.19	-1.49	15.9	159.1	
4.195	-1.4	19	153.9	
4.2	-1.29	21.3	148.8	
4.205	-1.17	23.2	146.6	
4.21	-1.05	24.6	132.4	
4.215	-0.92	25.3	114.3	
4.22	-0.79	25.3	101.6	
4.225	-0.66	24.7	92.6	
4.23	-0.54	23.2	86.3	
4.235	-0.43	21.2	84.4	
4.24	-0.32	19.1	76.4	
4.245	-0.23	16.8	59.7	
4.25	-0.15	14.4	58.6	
4.255	-0.09	12.4	66.9	
4.26	-0.03	10.5	59.6	
4.265	0.02	8.5	54.7	
4.27	0.06	6.7	59.8	
4.275	0.08	4.8	60.9	
4.28	0.1	2.9	62.1	
4.285	0.11	1.3	59.8	
4.29	0.12	-0.3	55.5	
4.295	0.11	-1.8	53.9	
4.3	0.1	-3.1	54.4	
4.305	0.08	-4.2	59.4	
4.31	0.05	-5.1	56.2	
4.315	0.03	-5.8	49	
4.32	0	-5.8	54.8	
4.325	-0.03	-5.3	57.3	
4.33	-0.06	-4.9	51.5	
4.335	-0.08	-4.6	55.3	
4.34	-0.1	-4.4	58.3	
4.345	-0.12	-4.3	51.6	
4.35	-0.14	-4.4	54.3	
4.355	-0.16	-4.3	65.4	
4.36	-0.19	-4.4	61.6	
4.365	-0.21	-4.8	69.5	
4.37	-0.23	-5.1	81.6	
4.375	-0.26	-5.1	64.1	
4.38	-0.28	-5.1	50.9	
4.385	-0.3	-5	57.9	
4.39	-0.33	-5	66.6	
4.395	-0.35	-5.4	66.3	
4.4	-0.38	-6	60.7	
4.405	-0.41	-6.3	60	
4.41	-0.44	-6.4	61.5	
4.415	-0.47	-6.6	61.3	
4.42	-0.5	-6.4	65.8	
4.425	-0.53	-6	70.4	
4.43	-0.55	-5.7	65.3	
4.435	-0.58	-5.6	62.4	
4.44	-0.6	-5.2	70.7	
4.445	-0.63	-4.9	69.7	
4.45	-0.65	-4.3	63.4	
4.455	-0.66	-3.5	62	
4.46	-0.67	-2.6	66.4	
4.465	-0.68	-2	71.6	
4.47	-0.69	-1.4	68.2	
4.475	-0.69	-0.8	69	
4.48	-0.69	-0.5	72.6	
4.485	-0.69	-0.2	68.6	
4.49	-0.69	0.3	63.7	
4.495	-0.68	0.6	61.8	
4.5	-0.67	0.6	66.1	
4.505	-0.67	0.7	72.5	
4.51	-0.66	0.9	64.3	
4.515	-0.65	1	60.5	
4.52	-0.64	1.2	70	
4.525	-0.63	1.5	69.9	
4.53	-0.62	1.6	62.5	
4.535	-0.61	1.8	64.8	
4.54	-0.6	2	66.6	
4.545	-0.59	1.9	60.4	
4.55	-0.58	1.6	63.8	
4.555	-0.57	1.3	67	
4.56	-0.56	1	65.1	
4.565	-0.55	0.6	60.4	
4.57	-0.55	0.4	56.9	
4.575	-0.54	0.4	58.1	
4.58	-0.54	0.1	58.3	
4.585	-0.54	-0.4	66.6	
4.59	-0.54	-0.6	68.8	
4.595	-0.54	-0.9	64.8	
4.6	-0.54	-1	62	
4.605	-0.54	-1.1	60.5	
4.61	-0.55	-1.3	61.2	
4.615	-0.55	-1.8	54.9	
4.62	-0.56	-2	56.6	
4.625	-0.57	-1.9	55.5	
4.63	-0.57	-1.9	52.5	
4.635	-0.58	-2.1	78.5	
4.64	-0.59	-2.1	105.4	
4.645	-0.6	-2.4	105	
4.65	-0.61	-2.8	79.2	
4.655	-0.62	-2.9	68.3	
4.66	-0.63	-3	85.6	
4.665	-0.64	-2.9	104.3	
4.67	-0.65	-2.6	120.8	
4.675	-0.66	-2.2	113.9	
4.68	-0.67	-2.4	93.7	
4.685	-0.68	-2.7	97.3	
4.69	-0.69	-2.8	102.1	
4.695	-0.7	-2.9	95.1	
4.7	-0.71	-2.9	101.9	
4.705	-0.72	-2.7	105.4	
4.71	-0.73	-2.6	97.9	
4.715	-0.74	-2.7	90.8	
4.72	-0.75	-2.6	81	
4.725	-0.76	-2.2	75.5	
4.73	-0.77	-2.1	56.3	
4.735	-0.78	-2.2	37.1	
4.74	-0.78	-2.4	41	
4.745	-0.79	-2.7	36.7	
4.75	-0.8	-2.8	40	
4.755	-0.81	-2.5	54.6	
4.76	-0.82	-2.3	43.1	
4.765	-0.83	-2.4	28.9	
4.77	-0.84	-2.6	33.3	
4.775	-0.85	-2.7	34.6	
4.78	-0.86	-2.8	29.4	
4.785	-0.87	-2.7	29.5	
4.79	-0.88	-2.4	34.3	
4.795	-0.88	-2.2	31.4	
4.8	-0.89	-2.1	23.7	
4.805	-0.89	-1.8	13.4	
4.81	-0.9	-1.6	4.9	
4.815	-0.9	-1.5	29.2	
4.82	-0.91	-1.2	68.1	
4.825	-0.91	-1	131.9	
4.83	-0.91	-1.1	260.9	
4.835	-0.91	-1.2	322	
4.84	-0.91	-1	148.5	
4.845	-0.91	-0.7	-13	
4.85	-0.91	-0.5	-4	
4.855	-0.91	-0.2	-148.3	
4.86	-0.9	-0.1	-420.7	
4.865	-0.9	-0.3	-462.8	
4.87	-0.9	-0.3	-269.9	
4.875	-0.9	-0.3	-115.7	
4.88	-0.89	-0.5	-71.1	
4.885	-0.89	-0.8	-39.7	
4.89	-0.89	-0.7	-7.9	
4.895	-0.89	-0.7	7.4	
4.9	-0.89	-0.7	12	
4.905	-0.89	-0.5	29.2	
4.91	-0.89	-0.4	44.2	
4.915	-0.89	-0.5	36	
4.92	-0.89	-0.8	30	
4.925	-0.89	-1.1	35.7	
4.93	-0.89	-1.5	45.1	
4.935	-0.89	-1.6	53.9	
4.94	-0.9	-1.4	61.1	
4.945	-0.9	-1.3	69.7	
4.95	-0.9	-1.5	73.9	
4.955	-0.9	-1.7	71.2	
4.96	-0.91	-2.1	69.9	
4.965	-0.92	-2.6	68.1	
4.97	-0.93	-2.8	73.1	
4.975	-0.94	-2.8	76.4	
4.98	-0.95	-2.8	68.3	
4.985	-0.96	-2.6	74.6	
4.99	-0.96	-2.1	85.1	
4.995	-0.97	-1.7	78.4	
5	-0.97	-1.5	79.2	
5.005	-0.97	-1.3	91.7	
5.01	-0.97	-1.4	94.5	
5.015	-0.98	-1.7	93.3	
5.02	-0.98	-1.9	89.3	
5.025	-0.99	-2	89.2	
5.03	-0.99	-2.2	107	
5.035	-1	-2.1	120.4	
5.04	-1.01	-1.5	120.3	
5.045	-1.01	-0.8	116.8	
5.05	-1	-0.2	111.8	
5.055	-1	0.4	116.6	
5.06	-0.99	1.6	126.1	
5.065	-0.97	3.5	122.3	
5.07	-0.94	6.4	123.3	
5.075	-0.9	10	126.5	
5.08	-0.84	13.4	114.2	
5.085	-0.76	16.6	107.2	
5.09	-0.66	19.7	102.7	
5.095	-0.56	22.3	88.5	
5.1	-0.44	24.2	71.8	
5.105	-0.31	25.6	65.7	
5.11	-0.18	26.3	56.9	
5.115	-0.05	26.5	39.4	
5.12	0.08	26.2	30.1	
5.125	0.21	25.4	30.1	
5.13	0.34	23.8	23.6	
5.135	0.45	21.8	12.9	
5.14	0.55	19.6	15.9	
5.145	0.64	17.2	19	
5.15	0.71	14.6	12.7	
5.155	0.78	12.5	1.8	
5.16	0.83	10.6	-1.9	
5.165	0.88	9	8.2	
5.17	0.91	7.6	11.7	
5.175	0.94	6.2	3.7	
5.18	0.97	4.5	0.9	
5.185	0.98	2.9	6.5	
5.19	0.99	1.6	10.5	
5.195	0.99	0.4	11.1	
5.2	0.98	-0.7	12.1	
5.205	0.97	-1.5	5.6	
5.21	0.96	-2.1	-0.1	
5.215	0.94	-2.6	5	
5.22	0.92	-2.9	20	
5.225	0.91	-3	20.2	
5.23	0.89	-3.2	10.6	
5.235	0.86	-3.3	13.7	
5.24	0.84	-3.3	15.9	
5.245	0.82	-3.5	16.4	
5.25	0.8	-4	18.5	
5.255	0.78	-4.2	23.4	
5.26	0.75	-4.3	26.9	
5.265	0.73	-4.5	18.8	
5.27	0.7	-4.9	10.3	
5.275	0.67	-5.3	17.3	
5.28	0.64	-5.8	22.5	
5.285	0.61	-6.1	22.1	
5.29	0.58	-6	25.8	
5.295	0.54	-5.9	20.6	
5.3	0.51	-6.2	16.8	
5.305	0.48	-6.5	21.3	
5.31	0.44	-6.7	24.4	
5.315	0.41	-6.9	24	
5.32	0.37	-6.6	28.4	
5.325	0.34	-5.8	23.8	
5.33	0.31	-5.1	7	
5.335	0.28	-4.4	11.6	
5.34	0.26	-3.7	19.5	
5.345	0.24	-3.3	16.2	
5.35	0.23	-2.9	12.9	
5.355	0.21	-2.3	20.8	
5.36	0.2	-1.7	27.7	
5.365	0.19	-1.2	18.9	
5.37	0.19	-0.7	22.2	
5.375	0.18	-0.2	24.4	
5.38	0.18	-0.1	18.8	
5.385	0.18	0	22.3	
5.39	0.18	0.2	21.7	
5.395	0.18	0.3	14.6	
5.4	0.18	0.3	12.2	
5.405	0.18	0.6	13.4	
5.41	0.19	1.1	11.2	
5.415	0.19	1.7	8.4	
5.42	0.2	2.4	15.9	
5.425	0.22	3	19.8	
5.43	0.23	3	15	
5.435	0.24	2.7	11.8	
5.44	0.25	2.4	9.1	
5.445	0.26	1.9	1.6	
5.45	0.27	1.4	-5.5	
5.455	0.28	1.2	-1	
5.46	0.28	1.1	2.5	
5.465	0.28	0.6	11.9	
5.47	0.28	0.1	29.1	
5.475	0.28	-0.3	36.3	
5.48	0.28	-0.7	24.4	
5.485	0.27	-0.7	5.6	
5.49	0.27	-0.3	4.2	
5.495	0.27	0.1	24.6	
5.5	0.27	0.2	39.8	
5.505	0.27	0.2	44.9	
5.51	0.27	0	51.3	
5.515	0.27	-0.5	47.9	
5.52	0.26	-0.9	48	
5.525	0.25	-1.4	49	
5.53	0.24	-1.9	48.6	
5.535	0.23	-2.3	50.2	
5.54	0.22	-2.3	42.6	
5.545	0.21	-2.4	36.2	
5.55	0.19	-2.6	30.5	
5.555	0.18	-2.7	24.5	
5.56	0.16	-2.7	15.7	
5.565	0.15	-2.8	1.7	
5.57	0.14	-2.7	0.7	
5.575	0.12	-2.6	0.9	
5.58	0.11	-2.8	-6.1	
5.585	0.09	-3	0.8	
5.59	0.08	-3.1	12.1	
5.595	0.06	-3.2	-4.8	
5.6	0.04	-3.4	-25.7	
5.605	0.03	-3.4	-10.7	
5.61	0.01	-3.3	8.5	
5.615	-0.01	-3.5	3.8	
5.62	-0.02	-3.6	-10.1	
5.625	-0.04	-3.7	-15.7	
5.63	-0.06	-4	-12.7	
5.635	-0.08	-4.4	-12.1	
5.64	-0.1	-4.6	-19.1	
5.645	-0.13	-4.8	-2.7	
5.65	-0.15	-5	33.5	
5.655	-0.18	-4.8	81.8	
5.66	-0.2	-4.3	177.9	
5.665	-0.22	-4.1	265.8	
5.67	-0.24	-4	169.5	
5.675	-0.26	-3.9	-46.4	
5.68	-0.27	-4	-69.6	
5.685	-0.29	-3.9	-92.2	
5.69	-0.31	-3.5	-328.1	
5.695	-0.32	-3.1	-438.6	
5.7	-0.34	-2.7	-305.4	
5.705	-0.35	-2.4	-147.2	
5.71	-0.36	-2.2	-85.6	
5.715	-0.37	-2.2	-71.9	
5.72	-0.38	-2.3	-37.8	
5.725	-0.39	-2.4	-11.8	
5.73	-0.4	-2.9	-9.4	
5.735	-0.41	-3.4	-0.3	
5.74	-0.43	-3.5	11.8	
5.745	-0.44	-3.4	18.2	
5.75	-0.46	-3	25.1	
5.755	-0.47	-2.3	30.6	
5.76	-0.48	-1.7	37.3	
5.765	-0.48	-1.5	43	
5.77	-0.49	-1.5	45.5	
5.775	-0.49	-1.7	44	
5.78	-0.5	-2.2	42.7	
5.785	-0.51	-3	48.4	
5.79	-0.52	-3.5	49.2	
5.795	-0.54	-3.8	48.5	
5.8	-0.56	-3.9	49.7	
5.805	-0.57	-3.4	50.8	
5.81	-0.59	-3	56.6	
5.815	-0.6	-2.6	61.1	
5.82	-0.61	-2.3	63.5	
5.825	-0.61	-2.2	61.6	
5.83	-0.62	-2.8	58.8	
5.835	-0.64	-3.5	67.2	
5.84	-0.65	-3.9	75.8	
5.845	-0.67	-4.1	76.2	
5.85	-0.69	-4.2	75.4	
5.855	-0.7	-4	78.1	
5.86	-0.72	-3.9	89.6	
5.865	-0.74	-3.9	96.8	
5.87	-0.75	-3.6	98.5	
5.875	-0.77	-3	106.5	
5.88	-0.78	-2.3	109.2	
5.885	-0.78	-1.4	110.5	
5.89	-0.78	-0.1	116.3	
5.895	-0.77	1.7	115.2	
5.9	-0.76	3.9	114.1	
5.905	-0.73	6.7	114.8	
5.91	-0.68	10	108.1	
5.915	-0.62	13.3	94.4	
5.92	-0.55	16.4	88.1	
5.925	-0.45	19.1	90.2	
5.93	-0.35	21.2	74.3	
5.935	-0.24	22.9	53	
5.94	-0.12	24.2	44.2	
5.945	0	24.8	38.9	
5.95	0.13	24.6	28.1	
5.955	0.25	24.1	17.1	
5.96	0.36	23.1	14.5	
5.965	0.47	21.6	11.3	
5.97	0.57	19.9	11.6	
5.975	0.67	18.2	8.6	
5.98	0.75	16.2	8.3	
5.985	0.82	14.1	11.5	
5.99	0.88	12.3	11.7	
5.995	0.94	10.3	9.3	
6	0.98	8.3	8.7	
6.005	1.01	6.8	4.6	
6.01	1.04	5.4	0.1	
6.015	1.06	4.1	8.8	
6.02	1.07	3	5.6	
6.025	1.08	1.9	3.4	
6.03	1.08	0.5	8.5	
6.035	1.07	-1.1	8.1	
6.04	1.06	-2.4	6.6	
6.045	1.04	-3.5	10.3	
6.05	1.01	-4.4	13.5	
6.055	0.98	-4.7	9.6	
6.06	0.96	-4.7	9	
6.065	0.93	-4.8	9.5	
6.07	0.9	-4.9	14	
6.075	0.87	-4.8	11.8	
6.08	0.84	-5.2	10.3	
6.085	0.81	-5.8	17.2	
6.09	0.78	-6.2	12.8	
6.095	0.74	-6.6	17.3	
6.1	0.7	-7	26.9	
6.105	0.67	-7	22.8	
6.11	0.63	-7	17.7	
6.115	0.59	-7.4	14.3	
6.12	0.55	-7.9	18.5	
6.125	0.51	-8.4	13.3	
6.13	0.46	-9	7.5	
6.135	0.41	-9.2	17.5	
6.14	0.36	-9	17.5	
6.145	0.32	-8.8	19.1	
6.15	0.27	-8.6	21.7	
6.155	0.23	-8.1	13.6	
6.16	0.19	-7.6	9.1	
6.165	0.15	-7.2	10.8	
6.17	0.12	-6.7	11.8	
6.175	0.09	-6	18.4	
6.18	0.06	-5.5	22.8	
6.185	0.03	-5	20.9	
6.19	0.01	-4.2	17.6	
6.195	-0.01	-3.6	2	
6.2	-0.03	-3.2	6.3	
6.205	-0.04	-2.6	26.5	
6.21	-0.06	-1.9	18.3	
6.215	-0.06	-1.4	9.3	
6.22	-0.07	-1	12.7	
6.225	-0.07	-0.7	12.7	
6.23	-0.07	-0.5	12.5	
6.235	-0.08	-0.2	9.9	
6.24	-0.08	0.3	13.3	
6.245	-0.07	0.6	14.5	
6.25	-0.07	0.8	5.1	
6.255	-0.07	1.1	2.8	
6.26	-0.06	1.4	4.4	
6.265	-0.05	1.3	1.2	
6.27	-0.04	1.2	2.9	
6.275	-0.04	1.1	13.9	
6.28	-0.03	0.8	28.5	
6.285	-0.03	0.5	29.8	
6.29	-0.03	0.4	17.2	
6.295	-0.03	0.2	14.2	
6.3	-0.03	0.2	27.1	
6.305	-0.02	0.5	49.3	
6.31	-0.02	0.7	53.6	
6.315	-0.02	0	43.4	
6.32	-0.02	-1.1	44.8	
6.325	-0.03	-1.9	54.8	
6.33	-0.04	-2.5	56.3	
6.335	-0.05	-2.8	51.8	
6.34	-0.07	-2.9	58.4	
6.345	-0.08	-3.2	61	
6.35	-0.1	-3.6	54.9	
6.355	-0.12	-3.7	45.4	
6.36	-0.13	-3.7	28.7	
6.365	-0.15	-3.9	17.8	
6.37	-0.17	-3.8	13	
6.375	-0.19	-3.7	7	
6.38	-0.21	-3.6	-5.4	
6.385	-0.22	-3.5	-13	
6.39	-0.24	-3.5	-6.7	
6.395	-0.26	-3.7	1	
6.4	-0.27	-3.8	5.8	
6.405	-0.29	-3.8	3	
6.41	-0.31	-4.1	-8	
6.415	-0.33	-4.7	-13.5	
6.42	-0.35	-5.1	-13	
6.425	-0.38	-5.1	-12	
6.43	-0.4	-5	-9.3	
6.435	-0.42	-4.6	-11.7	
6.44	-0.44	-3.9	-27	
6.445	-0.46	-3.7	-35.4	
6.45	-0.48	-4.2	-20.9	
6.455	-0.5	-4.6	6.9	
6.46	-0.52	-4.9	38.8	
6.465	-0.54	-5.2	104.8	
6.47	-0.57	-5.3	219.6	
6.475	-0.59	-5.3	257	
6.48	-0.61	-5.3	82.7	
6.485	-0.64	-5.1	-60.4	
6.49	-0.66	-4.5	-21.2	
6.495	-0.68	-3.8	-165.3	
6.5	-0.69	-3.4	-422.4	
6.505	-0.7	-3.2	-406.4	
6.51	-0.72	-3.4	-235.9	
6.515	-0.73	-4	-135.7	
6.52	-0.75	-4.5	-103.1	
6.525	-0.77	-4.5	-77.6	
6.53	-0.79	-4.5	-43.5	
6.535	-0.81	-4.3	-27.7	
6.54	-0.82	-3.8	-9.4	
6.545	-0.84	-3.3	17.8	
6.55	-0.85	-2.9	5.6	
6.555	-0.86	-2.4	-10	
6.56	-0.86	-2.4	6.1	
6.565	-0.87	-2.9	22.8	
6.57	-0.89	-3.4	23.3	
6.575	-0.9	-3.5	22.8	
6.58	-0.91	-3.6	24.6	
6.585	-0.93	-3.6	23.2	
6.59	-0.94	-3.5	30.8	
6.595	-0.95	-3.4	39.3	
6.6	-0.96	-3.3	38.7	
6.605	-0.98	-3.1	41.5	
6.61	-0.99	-3.1	47.5	
6.615	-1	-3.3	45.1	
6.62	-1.01	-3.4	40.7	
6.625	-1.02	-3.3	44.7	
6.63	-1.03	-3.3	52.8	
6.635	-1.05	-3.1	56.2	
6.64	-1.06	-2.8	57.1	
6.645	-1.06	-2.8	63.6	
6.65	-1.07	-2.8	62.8	
6.655	-1.08	-2.5	63.1	
6.66	-1.09	-2.2	71	
6.665	-1.1	-2.4	74.8	
6.67	-1.1	-2.6	81.8	
6.675	-1.11	-2.7	80.5	
6.68	-1.12	-2.7	83.8	
6.685	-1.13	-2.4	82.2	
6.69	-1.13	-1.5	83.9	
6.695	-1.13	0	104.5	
6.7	-1.12	2	105.3	
6.705	-1.1	4.8	106.1	
6.71	-1.06	8	109.2	
6.715	-1.01	10.9	101.2	
6.72	-0.94	13.9	96.8	
6.725	-0.86	16.9	89.5	
6.73	-0.77	19.5	78.5	
6.735	-0.66	22	74.8	
6.74	-0.54	24.7	69.5	
6.745	-0.41	26.8	52.8	
6.75	-0.27	28.3	28	
6.755	-0.12	29.2	16.4	
6.76	0.02	29.5	18.1	
6.765	0.17	28.9	17.5	
6.77	0.31	27.5	14.5	
6.775	0.44	25.5	9.3	
6.78	0.56	22.9	4.6	
6.785	0.66	20.3	3	
6.79	0.76	18.3	5.3	
6.795	0.84	16.3	5.5	
6.8	0.91	14.4	8.4	
6.805	0.97	12.7	10	
6.81	1.03	11.2	5.1	
6.815	1.08	9.3	6.5	
6.82	1.11	7.2	14.7	
6.825	1.14	5.2	10.1	
6.83	1.15	3.5	3.5	
6.835	1.16	2	3.5	
6.84	1.16	0.9	-1.1	
6.845	1.16	0	4.3	
6.85	1.15	-0.7	11.5	
6.855	1.14	-1.1	6.1	
6.86	1.13	-1.4	1.8	
6.865	1.12	-2.3	3.8	
6.87	1.1	-3.4	6.7	
6.875	1.07	-4.3	13.3	
6.88	1.05	-5	8.3	
6.885	1.02	-5.2	4.7	
6.89	0.98	-5.2	17.5	
6.895	0.95	-5.3	18.9	
6.9	0.92	-5.3	8.3	
6.905	0.89	-5.1	9.3	
6.91	0.86	-5.3	15.7	
6.915	0.83	-6	10.8	
6.92	0.8	-6.9	12	
6.925	0.76	-7.5	14	
6.93	0.71	-8.2	19.4	
6.935	0.67	-8.8	30.8	
6.94	0.62	-8.8	24.2	
6.945	0.57	-8.5	8	
6.95	0.53	-8.1	9.2	
6.955	0.49	-7.6	16.6	
6.96	0.45	-7.4	14.7	
6.965	0.41	-7.5	18.6	
6.97	0.37	-7.5	19.4	
6.975	0.33	-7.4	12.8	
6.98	0.29	-7.2	4.5	
6.985	0.26	-6.7	8.6	
6.99	0.23	-5.7	24	
6.995	0.2	-4.7	20.5	
7	0.18	-3.8	12.2	
7.005	0.16	-3	13.4	
7.01	0.14	-2.5	17.3	
7.015	0.13	-2.4	19.9	
7.02	0.12	-2.3	13.8	
7.025	0.11	-2	12.7	
7.03	0.1	-1.8	14.7	
7.035	0.09	-1.5	11.8	
7.04	0.08	-0.9	11.9	
7.045	0.08	-0.2	11.4	
7.05	0.08	0.5	11.3	
7.055	0.09	1.4	9.9	
7.06	0.09	2	4	
7.065	0.1	1.8	5.6	
7.07	0.11	1.4	12.1	
7.075	0.12	1.1	5.8	
7.08	0.12	0.9	-7.3	
7.085	0.12	0.7	2.8	
7.09	0.13	0.8	24	
7.095	0.13	0.9	36.3	
7.1	0.13	1	37.9	
7.105	0.14	1.3	16.8	
7.11	0.15	1.3	9.7	
7.115	0.15	0.7	31.8	
7.12	0.15	-0.1	54.2	
7.125	0.15	-1	56.1	
7.13	0.14	-2	48.3	
7.135	0.13	-2.7	50	
7.14	0.11	-2.9	54.7	
7.145	0.1	-2.7	49.9	
7.15	0.08	-2.6	50.7	
7.155	0.07	-2.4	55.3	
7.16	0.06	-2.6	47.8	
7.165	0.04	-3	45.5	
7.17	0.03	-3.4	36.2	
7.175	0.01	-3.7	18.3	
7.18	-0.01	-4	11.1	
7.185	-0.03	-4.3	-6.7	
7.19	-0.05	-4.3	-12.8	
7.195	-0.07	-4.2	-3.2	
7.2	-0.09	-3.9	-6	
7.205	-0.11	-3.4	-8.6	
7.21	-0.12	-3.3	-14.5	
7.215	-0.14	-3.9	-13.6	
7.22	-0.16	-4.6	-9.2	
7.225	-0.19	-4.8	-16.9	
7.23	-0.21	-4.9	-18.9	
7.235	-0.23	-4.9	-17.6	
7.24	-0.26	-4.7	-23.2	
7.245	-0.28	-4.6	-27.8	
7.25	-0.3	-4.4	-24.2	
7.255	-0.32	-4	-21.2	
7.26	-0.34	-3.5	-45	
7.265	-0.35	-3.3	-48.8	
7.27	-0.37	-3.4	-7	
7.275	-0.38	-3.7	39.5	
7.28	-0.4	-4.3	137.1	
7.285	-0.42	-4.7	259.2	
7.29	-0.44	-4.5	187.2	
7.295	-0.46	-4	-14.9	
7.3	-0.48	-3.8	-26.3	
7.305	-0.5	-3.8	-39	
7.31	-0.51	-4	-297.3	
7.315	-0.53	-4.4	-460.5	
7.32	-0.55	-4.6	-324.6	
7.325	-0.57	-4.5	-164.4	
7.33	-0.59	-4.4	-118.6	
7.335	-0.61	-4.3	-92.4	
7.34	-0.63	-4	-64.3	
7.345	-0.64	-3.8	-38.7	
7.35	-0.66	-3.7	-22.8	
7.355	-0.68	-3.5	-23.7	
7.36	-0.69	-3.2	-17.4	
7.365	-0.7	-3.1	-3.6	
7.37	-0.71	-2.8	-1	
7.375	-0.72	-2.6	-2.6	
7.38	-0.73	-2.6	6.2	
7.385	-0.74	-2.6	11.6	
7.39	-0.75	-2.3	12.4	
7.395	-0.76	-2.4	22.9	
7.4	-0.77	-2.9	28.3	
7.405	-0.78	-3.3	19.9	
7.41	-0.8	-3.7	22.6	
7.415	-0.81	-4.1	28.5	
7.42	-0.83	-4.1	21.6	
7.425	-0.84	-3.8	23.2	
7.43	-0.86	-3.4	29.3	
7.435	-0.87	-3.1	34.4	
7.44	-0.88	-2.8	33.4	
7.445	-0.89	-2.7	29.9	
7.45	-0.9	-2.9	36.5	
7.455	-0.91	-2.9	40.9	
7.46	-0.92	-2.8	42.9	
7.465	-0.93	-2.8	43.3	
7.47	-0.94	-2.9	56.1	
7.475	-0.95	-2.6	69.6	
7.48	-0.96	-2.3	60.5	
7.485	-0.96	-1.9	63.6	
7.49	-0.97	-1.4	70	
7.495	-0.97	-1.2	70.7	
7.5	-0.97	-1.2	83.6	
7.505	-0.97	-0.5	85.9	
7.51	-0.97	1.3	81.3	
7.515	-0.95	4	87	
7.52	-0.92	7.4	85.2	
7.525	-0.87	11.3	82	
7.53	-0.8	15.2	87.5	
7.535	-0.71	19.1	76.9	
7.54	-0.6	23	66.1	
7.545	-0.47	26.4	62.1	
7.55	-0.33	29.1	50.8	
7.555	-0.18	31.4	38.7	
7.56	-0.02	33	28.9	
7.565	0.15	33.6	22.9	
7.57	0.32	33.5	11	
7.575	0.48	32.9	-4.1	
7.58	0.64	31.6	-13.1	
7.585	0.79	29.9	-12	
7.59	0.93	28.2	-7.6	
7.595	1.06	26.4	-12	
7.6	1.19	24.2	-12.8	
7.605	1.29	21.9	-12.4	
7.61	1.39	19.4	-17.4	
7.615	1.48	16.6	-19.9	
7.62	1.54	14.2	-18.8	
7.625	1.6	12.2	-13.7	
7.63	1.65	10.1	-12.7	
7.635	1.69	8.2	-9.8	
7.64	1.72	6.6	-5.7	
7.645	1.74	5.1	-12.1	
7.65	1.75	3.6	-11.7	
7.655	1.76	2.6	-8.5	
7.66	1.76	1.4	-17.8	
7.665	1.76	0	-21.9	
7.67	1.75	-1.4	-11.5	
7.675	1.73	-2.3	-5.4	
7.68	1.71	-3.2	-8.2	
7.685	1.68	-3.9	-8.5	
7.69	1.65	-4.1	-10.6	
7.695	1.63	-4.3	-13.5	
7.7	1.6	-4.5	-9.8	
7.705	1.57	-4.6	-0.2	
7.71	1.54	-4.6	0.5	
7.715	1.51	-4.9	-6.4	
7.72	1.47	-5.4	0.4	
7.725	1.44	-6.2	-0.2	
7.73	1.4	-7.1	-7.5	
7.735	1.35	-8.2	2.2	
7.74	1.3	-9.4	1.7	
7.745	1.25	-10.3	-5.1	
7.75	1.19	-10.7	0.1	
7.755	1.13	-10.7	7.4	
7.76	1.07	-10.6	7.5	
7.765	1.01	-10.5	3.1	
7.77	0.96	-10	2.2	
7.775	0.91	-9	0.9	
7.78	0.86	-8.4	3.5	
7.785	0.81	-8.1	2.5	
7.79	0.77	-7.7	-3.1	
7.795	0.73	-7.3	9.1	
7.8	0.69	-6.6	8.8	
7.805	0.66	-5.4	0	
7.81	0.63	-4.3	4.5	
7.815	0.61	-4	6.1	
7.82	0.59	-3.9	8.5	
7.825	0.57	-3.6	3.5	
7.83	0.55	-3.4	4.3	
7.835	0.53	-3	8.9	
7.84	0.51	-2.2	7.9	
7.845	0.5	-1.2	8.9	
7.85	0.49	-0.5	6.5	
7.855	0.49	0.4	6.6	
7.86	0.49	1	2.7	
7.865	0.5	1.3	-0.9	
7.87	0.5	1.4	-2.7	
7.875	0.51	1.5	-6.6	
7.88	0.51	1.3	0.8	
7.885	0.51	1	21.7	
7.89	0.52	1.1	42	
7.895	0.52	1.3	36.3	
7.9	0.52	1.4	14.7	
7.905	0.53	1.5	6.6	
7.91	0.53	1.5	21.4	
7.915	0.54	1.2	47.9	
7.92	0.54	0.8	52.7	
7.925	0.54	0.4	34.6	
7.93	0.54	-0.1	41.7	
7.935	0.54	-0.5	50.9	
7.94	0.53	-0.4	37.5	
7.945	0.53	-0.3	41.9	
7.95	0.52	-0.5	51.3	
7.955	0.52	-0.9	50.3	
7.96	0.51	-1.4	41.7	
7.965	0.5	-2.1	28.4	
7.97	0.48	-2.7	26.1	
7.975	0.47	-3	22.7	
7.98	0.45	-3.5	-1	
7.985	0.43	-3.7	-17.3	
7.99	0.41	-3.4	-16.5	
7.995	0.39	-3.1	-13.2	
8	0.37	-3.1	-7.7	
8.005	0.36	-3.1	-12.1	
8.01	0.34	-3.3	-23	
8.015	0.32	-3.9	-23.2	
8.02	0.3	-4.5	-21	
8.025	0.27	-4.9	-20.7	
8.03	0.25	-5	-15.8	
8.035	0.22	-4.7	-22.3	
8.04	0.2	-4.1	-28.8	
8.045	0.18	-3.7	-22.3	
8.05	0.16	-3.9	-24.2	
8.055	0.14	-4.2	-36.5	
8.06	0.11	-4.6	-31.7	
8.065	0.09	-5	1.5	
8.07	0.06	-5.1	59.7	
8.075	0.04	-4.8	167.6	
8.08	0.02	-4.4	276.9	
8.085	-0.01	-4.1	200.6	
8.09	-0.02	-3.7	10.6	
8.095	-0.04	-3.5	-4.6	
8.1	-0.06	-3.8	-47.6	
8.105	-0.08	-4.1	-314.5	
8.11	-0.1	-4.3	-441	
8.115	-0.12	-4.4	-296.5	
8.12	-0.14	-4.2	-161	
8.125	-0.16	-3.9	-124.5	
8.13	-0.18	-3.8	-96.6	
8.135	-0.2	-3.8	-55.3	
8.14	-0.22	-3.7	-30.2	
8.145	-0.23	-3.8	-22.7	
8.15	-0.25	-4	-10.1	
8.155	-0.27	-4.1	-5.4	
8.16	-0.29	-4	-13.3	
8.165	-0.31	-3.9	-4.6	
8.17	-0.33	-3.5	7.8	
8.175	-0.34	-3	6.2	
8.18	-0.35	-2.7	12.4	
8.185	-0.36	-2.7	24.7	
8.19	-0.38	-2.7	26	
8.195	-0.39	-2.9	26.1	
8.2	-0.4	-3.3	34.8	
8.205	-0.42	-3.4	36.6	
8.21	-0.43	-3.3	36	
8.215	-0.45	-3.3	33.3	
8.22	-0.46	-3.2	28.7	
8.225	-0.47	-2.9	35.6	
8.23	-0.48	-2.8	41.4	
8.235	-0.5	-2.6	48	
8.24	-0.51	-2.4	50.9	
8.245	-0.52	-2.4	47.1	
8.25	-0.53	-2.6	56	
8.255	-0.54	-2.7	67.8	
8.26	-0.55	-2.5	64.2	
8.265	-0.56	-2.4	63.2	
8.27	-0.57	-2.3	71.3	
8.275	-0.58	-2.3	76.4	
8.28	-0.58	-2.6	85.3	
8.285	-0.59	-2.7	90.5	
8.29	-0.6	-2.2	86.9	
8.295	-0.61	-1.3	95	
8.3	-0.61	-0.1	104.1	
8.305	-0.6	1.9	101.9	
8.31	-0.59	4.7	105	
8.315	-0.55	8.1	105.8	
8.32	-0.5	12.2	105.8	
8.325	-0.42	16.6	104.1	
8.33	-0.33	20.6	93.8	
8.335	-0.22	24.3	93	
8.34	-0.08	27.7	84	
8.345	0.06	30.7	59.5	
8.35	0.22	33.3	49.6	
8.355	0.39	35.5	45.7	
8.36	0.57	37.1	32.9	
8.365	0.76	37.6	17.1	
8.37	0.94	37.1	6.2	
8.375	1.12	36	7.5	
8.38	1.29	34.4	10.9	
8.385	1.45	32.6	7.4	
8.39	1.6	30.6	-2.2	
8.395	1.74	28.2	-12.3	
8.4	1.87	25.3	-14.9	
8.405	1.98	22.7	-5.6	
8.41	2.08	20.4	0	
8.415	2.16	18	-2.8	
8.42	2.24	15.7	-11.6	
8.425	2.3	13.6	-16.5	
8.43	2.35	11.5	-9.8	
8.435	2.39	9.4	-10.3	
8.44	2.42	7.6	-8.6	
8.445	2.45	5.8	-4.7	
8.45	2.46	3.9	-3.2	
8.455	2.46	2.2	-9.6	
8.46	2.46	0.9	-18.4	
8.465	2.45	-0.4	-3.3	
8.47	2.43	-1.4	-0.3	
8.475	2.41	-2.1	-7.5	
8.48	2.39	-2.8	-4.1	
8.485	2.36	-3.6	-6.8	
8.49	2.33	-4.3	-2.3	
8.495	2.3	-5.1	-3.5	
8.5	2.26	-5.8	-10	
8.505	2.22	-6.3	-3.3	
8.51	2.18	-6.5	-2.9	
8.515	2.13	-6.8	-5.2	
8.52	2.09	-7.1	-1.6	
8.525	2.04	-7.3	-4.5	
8.53	2	-7.8	-4.9	
8.535	1.95	-8.4	3	
8.54	1.9	-8.8	1.5	
8.545	1.84	-9.3	-3.1	
8.55	1.79	-9.9	-0.1	
8.555	1.73	-10.2	2.8	
8.56	1.67	-10.1	-4.4	
8.565	1.61	-9.8	-11.2	
8.57	1.56	-9.2	-4.3	
8.575	1.51	-8.5	0.2	
8.58	1.46	-8	-5.7	
8.585	1.41	-7.7	-11.9	
8.59	1.37	-7.3	-7.8	
8.595	1.33	-6.9	-3.9	
8.6	1.29	-6.4	-4	
8.605	1.25	-5.6	-4.7	
8.61	1.22	-4.6	-10.6	
8.615	1.19	-3.8	-10.9	
8.62	1.17	-3	-0.3	
8.625	1.15	-2	-0.5	
8.63	1.14	-1.2	-4.9	
8.635	1.13	-0.6	-2.7	
8.64	1.12	0.3	-7.8	
8.645	1.12	1	-19.3	
8.65	1.12	1.6	-26.1	
8.655	1.13	2.2	-7.7	
8.66	1.14	2.8	11	
8.665	1.15	3.3	16.8	
8.67	1.16	3.7	21.3	
8.675	1.17	3.9	7.2	
8.68	1.19	3.6	-8.8	
8.685	1.2	3.3	-1.5	
8.69	1.21	3.4	27.4	
8.695	1.22	3.5	42.3	
8.7	1.23	3	36	
8.705	1.24	2.4	33.4	
8.71	1.24	1.9	36	
8.715	1.25	1.4	39	
8.72	1.25	1.3	34.6	
8.725	1.25	1.2	33.3	
8.73	1.25	1	39.2	
8.735	1.25	0.8	38.2	
8.74	1.24	0.8	24	
8.745	1.24	0.6	8.8	
8.75	1.24	0.1	5.9	
8.755	1.23	-0.3	-1.5	
8.76	1.22	-0.7	-14.1	
8.765	1.21	-1.4	-6.3	
8.77	1.2	-2	-4.5	
8.775	1.18	-2.1	-18.3	
8.78	1.17	-2.2	-18.3	
8.785	1.15	-2.4	-14.8	
8.79	1.13	-2.6	-16.3	
8.795	1.11	-2.8	-18.7	
8.8	1.09	-3.2	-16.4	
8.805	1.07	-3.3	-22.7	
8.81	1.05	-3.4	-32.1	
8.815	1.03	-3.6	-28.7	
8.82	1.01	-3.5	-29.5	
8.825	0.98	-3.2	-30.2	
8.83	0.96	-3.3	-35.6	
8.835	0.94	-3.4	-36.9	
8.84	0.92	-3.4	-11.5	
8.845	0.9	-3.6	28.1	
8.85	0.88	-3.9	91.3	
8.855	0.85	-4	208.4	
8.86	0.83	-4	272.3	
8.865	0.81	-4.1	115.7	
8.87	0.78	-4	-29.3	
8.875	0.76	-3.7	-13.8	
8.88	0.74	-3.9	-183.8	
8.885	0.71	-4.4	-453	
8.89	0.69	-4.6	-468.9	
8.895	0.66	-4.5	-304.6	
8.9	0.64	-4.2	-158.4	
8.905	0.61	-3.7	-109.1	
8.91	0.59	-3.2	-91.8	
8.915	0.58	-3.2	-49.1	
8.92	0.56	-3.3	-21.1	
8.925	0.54	-3.4	-12.8	
8.93	0.52	-3.7	-4.3	
8.935	0.5	-4	4	
8.94	0.47	-4.1	4.2	
8.945	0.45	-4	2.4	
8.95	0.43	-3.9	9	
8.955	0.41	-3.4	13.9	
8.96	0.39	-2.9	15.7	
8.965	0.38	-2.7	24.8	
8.97	0.36	-2.5	27.6	
8.975	0.35	-2.2	19.3	
8.98	0.33	-2.4	28.9	
8.985	0.32	-3.1	42.5	
8.99	0.3	-3.5	35.2	
8.995	0.28	-3.8	28.7	
9	0.26	-3.9	34	
9.005	0.24	-3.9	37.2	
9.01	0.22	-3.6	41	
9.015	0.2	-3.3	49.5	
9.02	0.19	-2.8	54.4	
9.025	0.17	-2.2	52.7	
9.03	0.16	-2	47.8	
9.035	0.15	-2	51.6	
9.04	0.14	-2.1	65.3	
9.045	0.13	-2.3	76.5	
9.05	0.12	-2.6	81.3	
9.055	0.1	-2.5	81.9	
9.06	0.09	-2.3	77	
9.065	0.08	-2.3	78	
9.07	0.07	-2	82.9	
9.075	0.06	-1.3	87.6	
9.08	0.05	-0.4	89.3	
9.085	0.05	0.9	85.4	
9.09	0.06	3.1	88.3	
9.095	0.09	6	93.5	
9.1	0.12	9.6	90.2	
9.105	0.18	13.8	82.3	
9.11	0.26	18.2	68.3	
9.115	0.36	22.2	55.8	
9.12	0.48	26	46.4	
9.125	0.62	29.7	33	
9.13	0.77	32.8	30.5	
9.135	0.94	35.2	16	
9.14	1.11	37	-5.2	
9.145	1.29	37.9	-6.7	
9.15	1.48	38.1	-11	
9.155	1.66	37.7	-13.8	
9.16	1.84	36.8	-18.8	
9.165	2.01	35.2	-29	
9.17	2.17	33.2	-22.6	
9.175	2.32	30.9	-17.3	
9.18	2.46	28.1	-21.2	
9.185	2.58	25.2	-19.6	
9.19	2.69	22.6	-24.2	
9.195	2.78	20.1	-31.6	
9.2	2.86	17.5	-25.8	
9.205	2.93	15.2	-26.3	
9.21	2.99	12.8	-30.9	
9.215	3.03	10.4	-22.1	
9.22	3.06	8.3	-22.3	
9.225	3.09	6.3	-28.5	
9.23	3.1	4.3	-29	
9.235	3.1	2.3	-26.8	
9.24	3.09	0.7	-17.2	
9.245	3.08	-0.8	-18.2	
9.25	3.06	-2.2	-30.4	
9.255	3.03	-3.3	-27.5	
9.26	3	-4.1	-20.2	
9.265	2.96	-4.9	-20.7	
9.27	2.92	-5.7	-20.1	
9.275	2.88	-6.5	-20.9	
9.28	2.83	-7.6	-20.6	
9.285	2.78	-8.6	-17.3	
9.29	2.72	-9.3	-20.2	
9.295	2.66	-9.9	-34.3	
9.3	2.59	-10.8	-30.1	
9.305	2.53	-11.7	-21.1	
9.31	2.46	-12.5	-33.2	
9.315	2.38	-13.2	-29.2	
9.32	2.3	-13.5	-19	
9.325	2.22	-13.6	-28.4	
9.33	2.15	-13.7	-34	
9.335	2.07	-13.9	-31.8	
9.34	1.99	-13.7	-29.6	
9.345	1.91	-13.3	-25	
9.35	1.84	-12.7	-23.7	
9.355	1.77	-11.8	-23.6	
9.36	1.7	-10.9	-29	
9.365	1.64	-10.3	-30.6	
9.37	1.59	-9.6	-27.3	
9.375	1.53	-8.7	-31.8	
9.38	1.48	-8	-24.8	
9.385	1.44	-7.2	-23.2	
9.39	1.4	-6.1	-27.6	
9.395	1.37	-5.3	-30.3	
9.4	1.34	-4.8	-33	
9.405	1.31	-4.2	-30.8	
9.41	1.28	-3.5	-31.9	
9.415	1.26	-2.7	-25.8	
9.42	1.24	-1.7	-22.9	
9.425	1.23	-0.6	-36.2	
9.43	1.23	0.2	-41	
9.435	1.22	0.9	-14.5	
9.44	1.22	1.6	6.4	
9.445	1.23	2	-0.6	
9.45	1.23	2.1	-14.6	
9.455	1.24	2	-19.2	
9.46	1.24	1.9	-14.3	
9.465	1.24	1.9	3.8	
9.47	1.25	2	24.5	
9.475	1.25	2.1	24.8	
9.48	1.26	1.7	22.7	
9.485	1.26	1.3	23	
9.49	1.26	1	22.6	
9.495	1.26	0.7	25.4	
9.5	1.25	0.2	31.3	
9.505	1.25	-0.3	35.6	
9.51	1.24	-0.7	26.4	
9.515	1.23	-1	11	
9.52	1.22	-1.4	2.3	
9.525	1.2	-1.9	-8.6	
9.53	1.19	-2.6	-20.3	
9.535	1.17	-3.2	-15.5	
9.54	1.14	-3.4	-13.3	
9.545	1.12	-3.6	-20.3	
9.55	1.1	-3.9	-16.8	
9.555	1.07	-4.2	-17.3	
9.56	1.05	-4.5	-23	
9.565	1.02	-5	-24	
9.57	0.99	-5.4	-27.8	
9.575	0.95	-5.5	-27.8	
9.58	0.92	-5.7	-26	
9.585	0.89	-6	-29.3	
9.59	0.85	-6.3	-26.5	
9.595	0.82	-6.5	-28.4	
9.6	0.78	-6.6	-40.3	
9.605	0.75	-6.6	-51.7	
9.61	0.71	-6.6	-42.2	
9.615	0.67	-6.8	0.3	
9.62	0.64	-6.9	45.9	
9.625	0.6	-6.9	113.9	
9.63	0.56	-6.8	223	
9.635	0.52	-6.9	216.8	
9.64	0.49	-6.9	10.1	
9.645	0.45	-7.1	-91.1	
9.65	0.41	-7.2	-78	
9.655	0.38	-7.1	-265.1	
9.66	0.34	-6.8	-451.9	
9.665	0.3	-6.7	-379.5	
9.67	0.27	-6.5	-213.9	
9.675	0.24	-6.3	-129.1	
9.68	0.2	-6.3	-100.4	
9.685	0.17	-6.6	-69.8	
9.69	0.14	-6.6	-32.8	
9.695	0.1	-6.6	-14.4	
9.7	0.07	-6.5	-3.5	
9.705	0.04	-6.3	7.2	
9.71	0.01	-6.2	7.4	
9.715	-0.03	-6.4	7.9	
9.72	-0.06	-6.5	10.3	
9.725	-0.09	-6.4	18.9	
9.73	-0.12	-6.1	24.4	
9.735	-0.15	-5.7	26.6	
9.74	-0.18	-5.5	30.9	
9.745	-0.2	-5.6	35.6	
9.75	-0.23	-6	36.9	
9.755	-0.26	-6.3	31.8	
9.76	-0.29	-6.3	35.8	
9.765	-0.32	-6.3	49.2	
9.77	-0.35	-6.1	53.5	
9.775	-0.38	-5.6	47.3	
9.78	-0.4	-5.2	45.7	
9.785	-0.43	-4.9	48.9	
9.79	-0.45	-4.5	55.6	
9.795	-0.47	-4.2	58.5	
9.8	-0.49	-4.3	64.8	
9.805	-0.51	-4.5	67.5	
9.81	-0.53	-4.6	58.7	
9.815	-0.55	-4.8	60.9	
9.82	-0.57	-4.8	71	
9.825	-0.59	-4.5	82.6	
9.83	-0.61	-4.3	90.7	
9.835	-0.63	-4.2	93.6	
9.84	-0.64	-3.8	93.4	
9.845	-0.66	-3.2	88.3	
9.85	-0.67	-2.2	91.8	
9.855	-0.67	-0.6	97.6	
9.86	-0.67	1.9	97.5	
9.865	-0.65	5	101.5	
9.87	-0.61	8.9	98.6	
9.875	-0.55	13.5	87.3	
9.88	-0.47	18.3	92.1	
9.885	-0.36	23	88.5	
9.89	-0.24	27.8	65.3	
9.895	-0.09	32.2	48.7	
9.9	0.08	35.7	37.5	
9.905	0.27	38.6	24	
9.91	0.47	40.6	15.5	
9.915	0.67	41.7	11.2	
9.92	0.88	41.8	0	
9.925	1.08	41.6	-11.2	
9.93	1.28	41	-15.6	
9.935	1.48	39.7	-14	
9.94	1.66	37.7	-14.5	
9.945	1.84	35.3	-15.6	
9.95	2	32.6	-19.2	
9.955	2.15	30	-27.5	
9.96	2.28	27.2	-29.7	
9.965	2.4	23.9	-26.8	
9.97	2.5	20.5	-23.4	
9.975	2.58	17.5	-23.1	
9.98	2.65	14.9	-21	
9.985	2.7	12.4	-21.9	
9.99	2.75	10	-23.6	
9.995	2.78	7.5	-21.3	
10	2.79	5	-28.1	
10.005	0	0.5	23	
10.01	0	0.7	99.8	
10.015	0	-3.6	132	
10.02	-0.03	-6.6	119.5	
10.025	-0.06	-5.6	143.3	
10.03	-0.09	-5	149.4	
10.035	-0.11	-2.7	126	
10.04	-0.11	0	162.6	
10.045	-0.11	0.7	183.3	
10.05	-0.11	-0.5	168.9	
10.055	-0.12	-4	185.8	
10.06	-0.15	-8.3	186.3	
10.065	-0.19	-10.2	182.2	
10.07	-0.24	-10.4	188.4	
10.075	-0.3	-12.1	203.3	
10.08	-0.36	-15.5	201.1	
10.085	-0.45	-19.7	187.7	
10.09	-0.56	-24.7	219.2	
10.095	-0.69	-29.9	231.8	
10.1	-0.85	-34.1	219.7	
10.105	-1.03	-38.2	225.9	
10.11	-1.22	-42.3	218.2	
10.115	-1.43	-44.4	198.3	
10.12	-1.65	-44.5	177.3	
10.125	-1.87	-44.7	156.5	
10.13	-2.08	-45.1	140.5	
10.135	-2.3	-44.8	149.5	
10.14	-2.51	-45.1	147.8	
10.145	-2.72	-45.9	130.1	
10.15	-2.94	-45.2	125.5	
10.155	-3.15	-42.3	151.1	
10.16	-3.33	-38.9	170.9	
10.165	-3.5	-35.7	146	
10.17	-3.66	-33.6	140.9	
10.175	-3.81	-32	161.7	
10.18	-3.94	-28.6	170.2	
10.185	-4.05	-23.3	162.4	
10.19	-4.14	-19.1	159.8	
10.195	-4.21	-16.5	156.3	
10.2	-4.27	-14	131.4	
10.205	-4.31	-12.4	174.7	
10.21	-4.36	-12.9	361.3	
10.215	-4.4	-13.9	500.8	
10.22	-4.45	-13.9	NaN	
10.225	-4.5	-13.8	510.1	
10.23	-4.55	-13.4	NaN	
10.235	-4.59	-12.1	426	
10.24	-4.63	-11.2	79.4	
10.245	-4.66	-11.4	-224.5	
10.25	-4.7	-11.7	-173.3	
10.255	-4.74	-12.3	-2.1	
10.26	-4.78	-14	92.1	
10.265	-4.83	-15.7	115.7	
10.27	-4.89	-17	146.1	
10.275	-4.96	-18.6	188.5	
10.28	-5.03	-19.9	196.4	
10.285	-5.11	-20.3	207.4	
10.29	-5.19	-20.9	235.7	
10.295	-5.27	-22.2	242.6	
10.3	-5.36	-23.4	246.5	
10.305	-5.46	-24.9	262.5	
10.31	-5.56	-26.5	268.1	
10.315	-5.67	-25.4	257.5	
10.32	-5.76	-21	261	
10.325	-5.82	-15.7	294.2	
10.33	-5.86	-10.7	309.7	
10.335	-5.88	-6.1	314.6	
10.34	-5.87	-3.3	340.8	
10.345	-5.86	-2.9	372.9	
10.35	-5.85	-3.2	388.1	
10.355	-5.84	-4	402.1	
10.36	-5.84	-5.4	433.3	
10.365	-5.84	-6.6	464.1	
10.37	-5.85	-7.7	467.5	
10.375	-5.87	-9.9	477.4	
10.38	-5.89	-11.9	504.2	
10.385	-5.93	-12.5	NaN	
10.39	-5.96	-12	511.8	
10.395	-5.99	-9	NaN	
10.4	-5.99	-1.8	511.9	
10.405	-5.95	8.2	NaN	
10.41	-5.85	17.9	511.9	
10.415	-5.72	27	NaN	
10.42	-5.53	35.2	511.8	
10.425	-5.32	41.5	NaN	
10.43	-5.07	46	511.5	
10.435	-4.81	49.4	511.5	
10.44	-4.54	50.3	506.8	
10.445	-4.27	48.7	482.9	
10.45	-4.01	46.7	464.6	
10.455	-3.77	44.3	457.2	
10.46	-3.54	40.9	441.4	
10.465	-3.33	37.3	407.8	
10.47	-3.13	33.8	378.6	
10.475	-2.96	29.1	376.9	
10.48	-2.82	23.6	370.1	
10.485	-2.7	18.8	355.9	
10.49	-2.61	14.1	366.2	
10.495	-2.53	9.9	384.4	
10.5	-2.48	7.3	382	
10.505	-2.44	5.1	372.9	
10.51	-2.41	2.1	366.3	
10.515	-2.4	-1	368.2	
10.52	-2.4	-3.7	363.1	
10.525	-2.41	-7.2	359.9	
10.53	-2.45	-10.4	367.1	
10.535	-2.49	-12.1	363	
10.54	-2.54	-13.5	367.4	
10.545	-2.6	-15.3	384	
10.55	-2.67	-16.7	374.3	
10.555	-2.75	-18	370.1	
10.56	-2.83	-19.4	395.3	
10.565	-2.91	-20.2	376.4	
10.57	-3	-20.4	367.9	
10.575	-3.09	-21.5	392.7	
10.58	-3.19	-23.2	385.5	
10.585	-3.29	-24.8	374	
10.59	-3.41	-27.3	380	
10.595	-3.54	-30	389.9	
10.6	-3.67	-30.8	390.3	
10.605	-3.81	-30.5	403.3	
10.61	-3.94	-30.5	415.9	
10.615	-4.08	-29.9	411	
10.62	-4.21	-28.8	438.2	
10.625	-4.33	-28.5	456.3	
10.63	-4.45	-28.1	448.6	
10.635	-4.57	-27.1	469.3	
10.64	-4.68	-26.7	482	
10.645	-4.79	-26.9	473.9	
10.65	-4.9	-26.3	464.5	
10.655	-5.01	-25.5	457.4	
10.66	-5.12	-25.3	446.6	
10.665	-5.22	-24.7	433	
10.67	-5.31	-23	401.3	
10.675	-5.4	-21.5	384.9	
10.68	-5.48	-19.3	396.4	
10.685	-5.54	-16	373.4	
10.69	-5.59	-14.4	355.1	
10.695	-5.64	-15.4	362.4	
10.7	-5.69	-15.7	352.4	
10.705	-5.74	-14.4	353.5	
10.71	-5.78	-12.7	364.8	
10.715	-5.81	-11	360.3	
10.72	-5.84	-9.3	362.9	
10.725	-5.85	-7.5	373.3	
10.73	-5.86	-4.7	363.3	
10.735	-5.84	-1.6	352.8	
10.74	-5.82	-0.5	343	
10.745	-5.8	-1.5	320.4	
10.75	-5.78	-2.7	378.4	
10.755	-5.77	-3.9	484	
10.76	-5.77	-5.5	NaN	
10.765	-5.78	-6.4	NaN	
10.77	-5.78	-7.1	511.5	
10.775	-5.79	-9	NaN	
10.78	-5.82	-11.3	482.3	
10.785	-5.85	-12.5	228.6	
10.79	-5.89	-13.9	-38.9	
10.795	-5.94	-15.6	-15	
10.8	-5.99	-16	132	
10.805	-6.04	-15.7	239.1	
10.81	-6.09	-16.2	322	
10.815	-6.15	-16.6	366	
10.82	-6.2	-16.6	368.4	
10.825	-6.26	-17.5	384.5	
10.83	-6.32	-18.9	404.4	
10.835	-6.39	-19.1	391.9	
10.84	-6.45	-18.6	385.1	
10.845	-6.51	-17.5	395.2	
10.85	-6.57	-15.2	403.7	
10.855	-6.61	-13	415.9	
10.86	-6.64	-12.6	434.8	
10.865	-6.67	-12.9	433.7	
10.87	-6.71	-13.5	421.7	
10.875	-6.75	-15.3	441.4	
10.88	-6.8	-17.2	449.8	
10.885	-6.86	-18.2	464.7	
10.89	-6.92	-19.2	496	
10.895	-6.99	-20.2	502.3	
10.9	-7.05	-19.6	495.8	
10.905	-7.12	-18.3	503.2	
10.91	-7.17	-17.6	NaN	
10.915	-7.23	-16.7	511.8	
10.92	-7.27	-15.5	NaN	
10.925	-7.32	-15.3	512	
10.93	-7.36	-15.1	NaN	
10.935	-7.4	-13.4	NaN	
10.94	-7.42	-9.7	511.9	
10.945	-7.42	-3.5	NaN	
10.95	-7.38	5.7	NaN	
10.955	-7.29	15.7	NaN	
10.96	-7.16	24.2	511.9	
10.965	-6.99	31.1	NaN	
10.97	-6.79	36.7	512	
10.975	-6.57	39.9	NaN	
10.98	-6.33	41.4	NaN	
10.985	-6.09	42.6	511.8	
10.99	-5.85	42.8	511.5	
10.995	-5.61	42.2	491.5	
11	-5.38	42.2	462.6	
11.005	-5.14	41.7	450	
11.01	-4.92	39.7	427.7	
11.015	-4.7	36.9	391.1	
11.02	-4.5	33.7	383.7	
11.025	-4.33	28.8	405.1	
11.03	-4.18	23.1	407.4	
11.035	-4.06	17.9	396	
11.04	-3.96	12.7	386.3	
11.045	-3.89	7.5	391.1	
11.05	-3.85	3.5	397	
11.055	-3.82	-0.1	375.6	
11.06	-3.82	-4.2	374.4	
11.065	-3.83	-7.6	376	
11.07	-3.86	-9.8	363.4	
11.075	-3.89	-11.7	376.8	
11.08	-3.94	-13.2	368.6	
11.085	-3.99	-13.7	344.6	
11.09	-4.04	-14.3	349.2	
11.095	-4.09	-14.9	362.3	
11.1	-4.15	-14.8	361.6	
11.105	-4.2	-14.8	352	
11.11	-4.26	-16.3	359.1	
11.115	-4.33	-18.3	346	
11.12	-4.4	-20.3	338.7	
11.125	-4.49	-23.6	358.8	
11.13	-4.6	-27.3	342.4	
11.135	-4.72	-29.7	342.6	
11.14	-4.85	-31.5	358.9	
11.145	-4.99	-32.9	346	
11.15	-5.13	-33.1	330.2	
11.155	-5.27	-32.9	336.7	
11.16	-5.41	-33.1	360	
11.165	-5.55	-32.6	358.4	
11.17	-5.69	-31.3	348.8	
11.175	-5.82	-30	355.3	
11.18	-5.93	-28.5	355.9	
11.185	-6.04	-26.6	366.6	
11.19	-6.15	-25.1	411.3	
11.195	-6.24	-23.7	438.4	
11.2	-6.32	-21.6	433	
11.205	-6.4	-20.1	424.9	
11.21	-6.47	-20.2	426.8	
11.215	-6.54	-19.8	411.7	
11.22	-6.61	-18.5	395.5	
11.225	-6.67	-18	400.7	
11.23	-6.73	-18.2	370.6	
11.235	-6.79	-18	331.2	
11.24	-6.84	-18.1	338.5	
11.245	-6.9	-18.4	350.4	
11.25	-6.96	-17.4	348.3	
11.255	-7.01	-15.9	355.5	
11.26	-7.06	-15	346.6	
11.265	-7.1	-13.8	340.2	
11.27	-7.13	-11.8	340.9	
11.275	-7.15	-10.6	344.8	
11.28	-7.17	-10	336.5	
11.285	-7.19	-9.3	323.8	
11.29	-7.2	-9.2	346.4	
11.295	-7.21	-9.5	329	
11.3	-7.23	-9.1	291	
11.305	-7.24	-8.3	294.7	
11.31	-7.25	-8.4	342	
11.315	-7.26	-8.8	446.7	
11.32	-7.27	-8.9	509.6	
11.325	-7.28	-9.9	512	
11.33	-7.3	-11.3	511.9	
11.335	-7.32	-11.9	NaN	
11.34	-7.35	-12.2	485.9	
11.345	-7.38	-12.2	236.3	
11.35	-7.4	-11.1	-90.9	
11.355	-7.42	-10	-119.2	#2 Resting ECG Finger Pulse  
11.36	-7.44	-9.9	54.3	
11.365	-7.45	-9.4	176.7	
11.37	-7.46	-8.6	208.9	
11.375	-7.47	-9.3	231.9	
11.38	-7.49	-10.9	258.3	
11.385	-7.51	-12.1	287	
11.39	-7.54	-13.6	315.5	
11.395	-7.58	-15.1	330.7	
11.4	-7.62	-14.6	330.2	
11.405	-7.66	-13.2	320.8	
11.41	-7.68	-12.8	330	
11.415	-7.71	-12.7	344	
11.42	-7.74	-12.4	346	
11.425	-7.77	-12.7	346.7	
11.43	-7.8	-13.1	338.4	
11.435	-7.83	-12.9	334.9	
11.44	-7.86	-12.9	370	
11.445	-7.88	-12.8	385.9	
11.45	-7.91	-12	395	
11.455	-7.93	-11.4	417.5	
11.46	-7.95	-12	412.6	
11.465	-7.98	-12.3	434.3	
11.47	-8	-12.2	476.4	
11.475	-8.03	-13	492.2	
11.48	-8.06	-14.2	499.8	
11.485	-8.09	-14.4	509.7	
11.49	-8.13	-14.6	NaN	
11.495	-8.17	-15.3	511.8	
11.5	-8.21	-14.5	NaN	
11.505	-8.23	-11.4	511.9	
11.51	-8.24	-6.2	NaN	
11.515	-8.21	1.8	512	
11.52	-8.14	11.8	NaN	
11.525	-8.02	21	511.9	
11.53	-7.86	28.8	NaN	
11.535	-7.67	35.2	511.9	
11.54	-7.44	39.2	511	
11.545	-7.21	41.2	505.6	
11.55	-6.97	42.6	497.1	
11.555	-6.72	43.3	488.6	
11.56	-6.47	42.7	470.3	
11.565	-6.23	41.5	439.5	
11.57	-6	39.9	422.6	
11.575	-5.78	36.9	418	
11.58	-5.58	33.5	385.5	
11.585	-5.4	30.9	372.9	
11.59	-5.22	27.8	372.3	
11.595	-5.07	24	345.1	
11.6	-4.94	20.4	349.8	
11.605	-4.82	16.4	366.7	
11.61	-4.73	11.2	343.9	
11.615	-4.67	6.3	314	
11.62	-4.62	2.2	322.4	
11.625	-4.6	-2.1	339	
11.63	-4.6	-6.1	351.5	
11.635	-4.62	-9.2	366.7	
11.64	-4.65	-12.7	357.3	
11.645	-4.71	-16.2	336.6	
11.65	-4.77	-17.8	332.8	
11.655	-4.84	-17.9	321.8	
11.66	-4.9	-17.7	330.3	
11.665	-4.97	-16.4	350.3	
11.67	-5.02	-14.5	328.4	
11.675	-5.07	-13.8	313.4	
11.68	-5.11	-13.6	309.3	
11.685	-5.16	-13.3	299	
11.69	-5.2	-14.5	316.8	
11.695	-5.26	-17.2	324.5	
11.7	-5.33	-19.6	286.4	
11.705	-5.4	-21.7	281.3	
11.71	-5.49	-24.7	298.3	
11.715	-5.6	-27.5	292.5	
11.72	-5.72	-29.5	300	
11.725	-5.84	-31.6	299.5	
11.73	-5.98	-33.3	301	
11.735	-6.12	-33.9	297.9	
11.74	-6.26	-34.4	293.2	
11.745	-6.41	-34.8	311.1	
11.75	-6.55	-33.9	322.4	
11.755	-6.68	-32.4	332.6	
11.76	-6.81	-31.1	334.2	
11.765	-6.93	-28.7	329.3	
11.77	-7.03	-24.6	321.3	
11.775	-7.11	-20.5	300.7	
11.78	-7.17	-16.8	281.9	
11.785	-7.21	-13.1	267	
11.79	-7.24	-10.3	243.8	
11.795	-7.25	-8.3	218.9	
11.8	-7.25	-6.2	224.3	
11.805	-7.25	-5	242.5	
11.81	-7.24	-5.6	251.4	
11.815	-7.24	-6.1	246.1	
11.82	-7.24	-6.1	227.9	
11.825	-7.24	-7.2	225.2	
11.83	-7.24	-9	226	
11.835	-7.26	-10.3	227.8	
11.84	-7.28	-11.8	246.6	
11.845	-7.31	-13.7	244.5	
11.85	-7.35	-14.5	219.8	
11.855	-7.39	-14.4	200.1	
11.86	-7.42	-14.4	187.3	
11.865	-7.46	-13.6	209.6	
11.87	-7.49	-12.1	314.2	
11.875	-7.52	-11.3	457.3	
11.88	-7.54	-10.6	NaN	
11.885	-7.55	-8.6	511.2	
11.89	-7.55	-6.7	511.3	
11.895	-7.55	-5.4	503.5	
11.9	-7.54	-3.6	319.2	
11.905	-7.52	-2	-12	
11.91	-7.49	-1.8	-101.3	
11.915	-7.47	-1.7	32.3	
11.92	-7.44	-1.5	142.9	
11.925	-7.41	-2.1	182.1	
11.93	-7.39	-3	194.4	
11.935	-7.38	-3.8	229.3	
11.94	-7.37	-5.7	248.2	
11.945	-7.37	-8.6	242.5	
11.95	-7.38	-11.1	239.8	
11.955	-7.41	-13	245.4	
11.96	-7.45	-14.8	256.8	
11.965	-7.49	-15.5	249.3	
11.97	-7.53	-15	255.2	
11.975	-7.57	-14.6	282.1	
11.98	-7.61	-14.1	295.5	
11.985	-7.64	-12.9	315	
11.99	-7.67	-12	320.3	
11.995	-7.69	-11.8	315	
12	-7.71	-11.4	347.4	
12.005	-7.73	-11.1	372.8	
12.01	-7.76	-11.8	374.5	
12.015	-7.78	-11.8	383.8	
12.02	-7.8	-11.4	403.2	
12.025	-7.82	-12	433.3	
12.03	-7.85	-13.1	453	
12.035	-7.88	-13.4	470.1	
12.04	-7.91	-14.1	492.9	
12.045	-7.95	-15.5	508.9	
12.05	-7.99	-15.6	NaN	
12.055	-8.03	-14.6	511.7	
12.06	-8.07	-12.9	NaN	
12.065	-8.08	-8.4	511.9	
12.07	-8.07	-0.2	NaN	
12.075	-8.01	9.6	512	
12.08	-7.9	19.6	NaN	
12.085	-7.74	28.9	NaN	
12.09	-7.54	35.7	NaN	
12.095	-7.32	39.8	511.8	
12.1	-7.08	42.7	NaN	
12.105	-6.83	44.2	509.7	
12.11	-6.58	44	503.1	
12.115	-6.33	43	492.7	
12.12	-6.09	41.9	494.7	
12.125	-5.86	39.5	493.3	
12.13	-5.64	36.5	444.4	
12.135	-5.44	33.6	428	
12.14	-5.26	29.9	456.9	
12.145	-5.1	25.3	437.4	
12.15	-4.96	21.7	418.9	
12.155	-4.84	18.3	438.1	
12.16	-4.73	14.2	455.9	
12.165	-4.65	10.5	458.6	
12.17	-4.58	7.7	449.9	
12.175	-4.53	4.7	456.1	
12.18	-4.49	1.9	460.3	
12.185	-4.47	-0.2	468	
12.19	-4.46	-2.7	479.3	
12.195	-4.46	-5.3	457.7	
12.2	-4.47	-6.8	456.9	
12.205	-4.48	-8.1	481.8	
12.21	-4.51	-10.3	473.6	
12.215	-4.54	-12.3	456.4	
12.22	-4.59	-13.7	471.4	
12.225	-4.64	-15.9	477.5	
12.23	-4.71	-18.4	448	
12.235	-4.78	-20.4	443.7	
12.24	-4.87	-22.6	483.3	
12.245	-4.96	-24.9	499.5	
12.25	-5.07	-26.1	487.3	
12.255	-5.18	-26.8	497.2	
12.26	-5.29	-28	504.3	
12.265	-5.41	-28.7	493.9	
12.27	-5.53	-28.5	495.9	
12.275	-5.64	-28.3	506	
12.28	-5.76	-27.7	511.7	
12.285	-5.87	-26.3	NaN	
12.29	-5.97	-25.1	511.9	
12.295	-6.06	-24.3	511.9	
12.3	-6.15	-22.9	511.6	
12.305	-6.24	-21.8	512	
12.31	-6.32	-21.8	512	
12.315	-6.4	-21.6	NaN	
12.32	-6.47	-20.7	NaN	
12.325	-6.54	-20.3	512	
12.33	-6.62	-20	NaN	
12.335	-6.68	-18.9	NaN	
12.34	-6.74	-18.1	511.3	
12.345	-6.8	-17.7	507.6	
12.35	-6.86	-16.4	503.7	
12.355	-6.9	-14.7	505.5	
12.36	-6.94	-13.6	501.8	
12.365	-6.98	-12.4	495.3	
12.37	-7	-10.8	506.3	
12.375	-7.02	-9.8	507.6	
12.38	-7.04	-9.1	493.5	
12.385	-7.05	-8.1	499.3	
12.39	-7.05	-7.6	507.5	
12.395	-7.06	-7.8	503.8	
12.4	-7.07	-7.6	473.5	
12.405	-7.07	-7.4	445.3	
12.41	-7.08	-7.9	478	
12.415	-7.08	-7.9	510.1	
12.42	-7.09	-7.4	NaN	
12.425	-7.09	-7.4	511.1	
12.43	-7.1	-7.2	NaN	
12.435	-7.1	-5.8	510.3	
12.44	-7.09	-5	NaN	
12.445	-7.09	-5.4	462.8	
12.45	-7.08	-5.7	231.3	
12.455	-7.08	-6.1	90.9	
12.46	-7.08	-7.4	210.4	
12.465	-7.09	-8.4	354.3	
12.47	-7.1	-8.8	439.2	
12.475	-7.11	-9.7	480.3	
12.48	-7.13	-10.5	480.5	
12.485	-7.15	-10.4	477.2	
12.49	-7.17	-10.7	494.5	
12.495	-7.19	-11.4	504.2	
12.5	-7.21	-11.1	508.1	
12.505	-7.23	-10.1	NaN	
12.51	-7.25	-9.8	511.4	
12.515	-7.27	-9	511	
12.52	-7.27	-7.5	511.5	
12.525	-7.27	-6.4	NaN	
12.53	-7.27	-5.8	512	
12.535	-7.27	-5	NaN	
12.54	-7.26	-5	512	
12.545	-7.25	-6	NaN	
12.55	-7.25	-7.2	NaN	
12.555	-7.26	-9	NaN	
12.56	-7.28	-11.8	NaN	
12.565	-7.31	-14.2	NaN	
12.57	-7.35	-16	NaN	
12.575	-7.4	-18.3	NaN	
12.58	-7.46	-19.9	NaN	
12.585	-7.53	-20	NaN	
12.59	-7.59	-19.4	NaN	
12.595	-7.66	-18.8	NaN	
12.6	-7.71	-16.8	NaN	
12.605	-7.75	-13.4	NaN	
12.61	-7.77	-8.5	NaN	
12.615	-7.76	-0.6	NaN	
12.62	-7.7	9.7	NaN	
12.625	-7.59	19.3	NaN	
12.63	-7.44	27.2	NaN	
12.635	-7.25	33.9	NaN	
12.64	-7.04	38.1	NaN	
12.645	-6.81	39.9	NaN	
12.65	-6.58	40.7	NaN	
12.655	-6.35	40.4	511.9	
12.66	-6.12	38.2	NaN	
12.665	-5.91	35.2	511.6	
12.67	-5.72	32.1	NaN	
12.675	-5.54	28.1	511.3	
12.68	-5.38	24.3	NaN	
12.685	-5.25	21.4	508.2	
12.69	-5.12	18.4	488.5	
12.695	-5.01	15.4	488.3	
12.7	-4.92	13.7	486.9	
12.705	-4.83	12.3	473.7	
12.71	-4.75	10.3	477.4	
12.715	-4.69	8.8	482.2	
12.72	-4.62	7.7	484.8	
12.725	-4.57	5.4	465.4	
12.73	-4.53	2.5	443.1	
12.735	-4.5	0.2	453.4	
12.74	-4.49	-2.4	442.3	
12.745	-4.48	-5.4	417.7	
12.75	-4.5	-7.5	417.4	
12.755	-4.52	-9.2	413.9	
12.76	-4.55	-11.5	398.6	
12.765	-4.59	-13.6	389.8	
12.77	-4.64	-15.2	402.7	
12.775	-4.7	-17.2	408.1	
12.78	-4.77	-19.2	387.4	
12.785	-4.85	-20.7	379.9	
12.79	-4.93	-22.6	389.4	
12.795	-5.03	-24.8	379.3	
12.8	-5.13	-25.9	375.6	
12.805	-5.24	-26.5	385	
12.81	-5.35	-27.9	354.5	
12.815	-5.47	-28.8	332.2	
12.82	-5.59	-28.5	366.5	
12.825	-5.7	-28.2	406.3	
12.83	-5.82	-27.5	390.3	
12.835	-5.92	-25.6	371.2	
12.84	-6.02	-23.8	384.5	
12.845	-6.11	-22.3	390.6	
12.85	-6.19	-20	378.6	
12.855	-6.25	-18.1	354.3	
12.86	-6.31	-17.5	356.6	
12.865	-6.37	-16.9	361.3	
12.87	-6.42	-16.1	360.7	
12.875	-6.47	-16.4	337.2	
12.88	-6.53	-17.2	274.6	
12.885	-6.58	-17	257.8	
12.89	-6.64	-17	262.1	
12.895	-6.69	-17.5	236.5	
12.9	-6.75	-17.4	214.1	
12.905	-6.81	-17.3	210.6	
12.91	-6.86	-17.6	202.8	
12.915	-6.92	-17	189	
12.92	-6.97	-15.1	198.5	
12.925	-7	-13.2	198.4	
12.93	-7.03	-11.7	171.5	
12.935	-7.06	-9.5	173.9	
12.94	-7.06	-7.1	180.3	
12.945	-7.06	-4.7	156.8	
12.95	-7.05	-2.1	123.1	
12.955	-7.02	-0.2	105	
12.96	-6.99	0.1	165.4	
12.965	-6.96	0.1	337	
12.97	-6.92	0.1	487.5	
12.975	-6.89	-1.1	NaN	
12.98	-6.87	-2.8	508.6	
12.985	-6.86	-3.9	506.3	
12.99	-6.85	-5.2	323.9	
12.995	-6.85	-6.9	-91.5	
13	-6.85	-7.9	-340.5	
13.005	-6.86	-8.6	-271.6	
13.01	-6.88	-10.1	-125.9	
13.015	-6.9	-11.3	-30.8	
13.02	-6.93	-11.6	17	
13.025	-6.95	-12.1	58.9	
13.03	-6.98	-12.5	79	
13.035	-7.01	-11.8	72.4	
13.04	-7.04	-10.9	77	
13.045	-7.06	-10.6	78.2	
13.05	-7.08	-9.8	71.2	
13.055	-7.09	-9	73.5	
13.06	-7.1	-9	89.2	
13.065	-7.12	-8.6	94.7	
13.07	-7.12	-7.7	72.7	
13.075	-7.13	-7.6	66.3	
13.08	-7.13	-7.6	100.9	
13.085	-7.14	-7.1	115.7	
13.09	-7.14	-7.1	115	
13.095	-7.15	-7.9	137.1	
13.1	-7.15	-8.4	148.6	
13.105	-7.16	-9.1	147.6	
13.11	-7.18	-10.8	155.7	
13.115	-7.21	-12.4	171	
13.12	-7.24	-13.4	191.1	
13.125	-7.28	-15.1	225.4	
13.13	-7.32	-16.6	239.5	
13.135	-7.37	-16.8	245.9	
13.14	-7.42	-16.5	283.3	
13.145	-7.47	-16.3	301.6	
13.15	-7.51	-14.3	300.3	
13.155	-7.54	-10.3	296.1	
13.16	-7.54	-4.2	280.5	
13.165	-7.51	4.4	286.3	
13.17	-7.43	14.5	305.3	
13.175	-7.3	23.2	307.9	
13.18	-7.13	30.2	294.8	
13.185	-6.93	36.1	261.8	
13.19	-6.71	39.8	235.5	
13.195	-6.48	41.2	199.8	
13.2	-6.24	41.9	151.8	
13.205	-6	41.7	130.3	
13.21	-5.77	39.5	102.8	
13.215	-5.56	36.5	82.7	
13.22	-5.36	33.5	66	
13.225	-5.17	29.6	35.1	
13.23	-5.01	25.3	5.1	
13.235	-4.87	21.4	-29.7	
13.24	-4.75	17.2	-30.4	
13.245	-4.66	12.3	-29.3	
13.25	-4.59	8.1	-46.3	
13.255	-4.54	4.5	-54.9	
13.26	-4.5	0.6	-75.3	
13.265	-4.49	-2.6	-82.8	
13.27	-4.49	-4.7	-82.7	
13.275	-4.49	-6.8	-92.1	
13.28	-4.51	-8.4	-105.8	
13.285	-4.54	-9	-113.9	
13.29	-4.56	-9.7	-103.5	
13.295	-4.59	-10.4	-96.2	
13.3	-4.62	-10.2	-114.3	
13.305	-4.65	-10.1	-139.9	
13.31	-4.68	-10.9	-148.8	
13.315	-4.72	-11.8	-148.6	
13.32	-4.76	-12.4	-166.4	#2 Exercise  
13.325	-4.8	-14.2	-166.2	
13.33	-4.85	-16.5	-161.1	
13.335	-4.92	-18.4	-184.7	
13.34	-4.99	-20.5	-162.7	
13.345	-5.08	-23	-133.9	
13.35	-5.18	-24.6	-159.9	
13.355	-5.28	-25.7	-195.2	
13.36	-5.39	-27.2	-196.6	
13.365	-5.5	-27.8	-198.1	
13.37	-5.61	-27.1	-195.8	
13.375	-5.72	-26.4	-163.5	
13.38	-5.82	-25.3	-140.3	
13.385	-5.92	-23.1	-143.7	
13.39	-6	-21.2	-158.7	
13.395	-6.07	-19.8	-149.1	
13.4	-6.14	-17.5	-145.7	
13.405	-6.19	-15.4	-160.7	
13.41	-6.24	-14.8	-176	
13.415	-6.29	-14.8	-179.4	
13.42	-6.33	-14.5	-202.4	
13.425	-6.37	-15.1	-272	
13.43	-6.42	-16.1	-289.6	
13.435	-6.47	-16.1	-273.4	
13.44	-6.52	-15.7	-285	
13.445	-6.57	-15.1	-306.7	
13.45	-6.61	-13.7	-318.2	
13.455	-6.65	-12.1	-314.9	
13.46	-6.67	-11.2	-317	
13.465	-6.7	-10	-328	
13.47	-6.71	-8.5	-348.8	
13.475	-6.72	-7.7	-366.3	
13.48	-6.73	-7	-361.1	
13.485	-6.73	-5.6	-341	
13.49	-6.72	-4.5	-349	
13.495	-6.71	-3.8	-385.6	
13.5	-6.7	-2.5	-405.3	
13.505	-6.68	-1.6	-357.8	
13.51	-6.66	-2.3	-188.8	
13.515	-6.64	-3	91.8	
13.52	-6.63	-3.1	343.8	
13.525	-6.61	-3.8	420.2	
13.53	-6.6	-4.9	315.2	
13.535	-6.6	-5.6	-30	
13.54	-6.6	-6.3	-413.2	
13.545	-6.6	-7.4	NaN	
13.55	-6.61	-7.9	-508.5	
13.555	-6.62	-8.3	NaN	
13.56	-6.63	-9.3	-492.5	
13.565	-6.65	-9.9	-480.9	
13.57	-6.67	-9.8	-446.5	
13.575	-6.69	-10.3	-419.1	
13.58	-6.71	-10.7	-422.4	
13.585	-6.73	-10.1	-384.8	
13.59	-6.75	-9.7	-352.7	
13.595	-6.77	-9.9	-375.1	
13.6	-6.79	-9.5	-380.3	
13.605	-6.8	-9	-364.6	
13.61	-6.82	-9.3	-375.6	
13.615	-6.83	-9.1	-357.6	
13.62	-6.84	-8.2	-337.2	
13.625	-6.85	-8	-342.7	
13.63	-6.86	-8.6	-323.3	
13.635	-6.88	-8.9	-319.2	
13.64	-6.89	-9.7	-326.1	
13.645	-6.91	-11.2	-304.1	
13.65	-6.94	-12.3	-277.9	
13.655	-6.97	-13.2	-271.4	
13.66	-7.01	-14.5	-267.5	
13.665	-7.05	-14.6	-250.3	
13.67	-7.09	-13.3	-230.4	
13.675	-7.12	-12.2	-206.5	
13.68	-7.14	-11.5	-176	
13.685	-7.17	-10.2	-149.9	
13.69	-7.18	-9.3	-119.5	
13.695	-7.19	-8.3	-104.7	
13.7	-7.2	-5.7	-113.8	
13.705	-7.18	-1.1	-109.4	
13.71	-7.14	4.9	-96.8	
13.715	-7.06	12.5	-106.7	
13.72	-6.95	20.6	-115.5	
13.725	-6.8	26.4	-122.7	
13.73	-6.62	30	-157.6	
13.735	-6.44	32.8	-175.3	
13.74	-6.24	34	-174	
13.745	-6.04	33.8	-196.3	
13.75	-5.85	33.6	-249.5	
13.755	-5.65	33.3	-296.7	
13.76	-5.47	31.7	-314.9	
13.765	-5.29	30.1	-338	
13.77	-5.12	28.8	-362.3	
13.775	-4.95	26.4	-367.4	
13.78	-4.81	23.5	-389.4	
13.785	-4.67	21.4	-412.8	
13.79	-4.55	19.1	-413.4	
13.795	-4.44	15.8	-430.9	
13.8	-4.35	12.7	-453.4	
13.805	-4.28	9.7	-456.6	
13.81	-4.22	5.7	-452.9	
13.815	-4.18	1.6	-453.4	
13.82	-4.16	-2.1	-458.9	
13.825	-4.16	-5.8	-459.3	
13.83	-4.18	-9	-469.9	
13.835	-4.21	-10.6	-482	
13.84	-4.25	-12	-473.6	
13.845	-4.29	-13.4	-462.2	
13.85	-4.34	-13.9	-463.2	
13.855	-4.39	-14.2	-488.4	
13.86	-4.45	-15.5	-490.6	
13.865	-4.51	-17	-470.3	
13.87	-4.57	-18	-485.2	
13.875	-4.65	-19.1	-497.7	
13.88	-4.72	-19.8	-501.2	
13.885	-4.8	-19.5	-503.9	
13.89	-4.87	-19.3	-496.9	
13.895	-4.95	-19.8	-498.8	
13.9	-5.03	-20.1	-506.4	
13.905	-5.1	-20.6	-504.6	
13.91	-5.19	-21.7	-487.8	
13.915	-5.27	-22.4	-489.8	
13.92	-5.36	-22.2	-489.6	
13.925	-5.45	-22.3	-448	
13.93	-5.53	-21.9	-414	
13.935	-5.61	-20.5	-434.7	
13.94	-5.69	-19.4	-465.6	
13.945	-5.76	-19.2	-466	
13.95	-5.82	-18.4	-469	
13.955	-5.89	-17.4	-465.6	
13.96	-5.95	-17.2	-474.4	
13.965	-6	-16.8	-504.1	
13.97	-6.06	-15.7	NaN	
13.975	-6.11	-15.1	-511.5	
13.98	-6.15	-14.8	NaN	
13.985	-6.2	-13.8	-511.2	
13.99	-6.24	-13.1	-509.3	
13.995	-6.27	-12.6	-510.6	
14	-6.3	-11.1	NaN	
14.005	-6.32	-9.6	-511.9	
14.01	-6.34	-9	NaN	
14.015	-6.36	-8.1	NaN	
14.02	-6.36	-6.1	NaN	
14.025	-6.36	-4.6	-511.9	
14.03	-6.35	-3.7	-511.9	
14.035	-6.34	-2.2	-511.9	
14.04	-6.32	-0.9	-512	
14.045	-6.29	-0.4	-507.5	
14.05	-6.26	0	-423.7	
14.055	-6.23	0	-203.9	
14.06	-6.21	-1.1	39.8	
14.065	-6.19	-2.3	144	
14.07	-6.17	-3	105.2	
14.075	-6.16	-4.2	-137.7	
14.08	-6.16	-5.2	-442	
14.085	-6.16	-5.4	NaN	
14.09	-6.16	-5.8	-508.1	
14.095	-6.16	-7	NaN	
14.1	-6.17	-7.3	-510.1	
14.105	-6.18	-7.4	NaN	
14.11	-6.19	-8.1	-511.7	
14.115	-6.2	-8.4	NaN	
14.12	-6.21	-7.8	NaN	
14.125	-6.22	-7.7	-512	
14.13	-6.23	-8	NaN	
14.135	-6.24	-7.7	-511.9	
14.14	-6.25	-7.5	NaN	
14.145	-6.26	-7.9	-511.8	
14.15	-6.27	-7.6	-511.6	
14.155	-6.28	-7	-511.3	
14.16	-6.29	-7	-508.8	
14.165	-6.29	-6.6	-508.9	
14.17	-6.29	-5.7	NaN	
14.175	-6.29	-5.7	-511.1	
14.18	-6.29	-6.1	-509.7	
14.185	-6.29	-6	-501.1	
14.19	-6.3	-6.2	-490.3	
14.195	-6.3	-7.3	-487	
14.2	-6.31	-8	-469.7	
14.205	-6.32	-8.6	-454.3	
14.21	-6.34	-10	-420.7	
14.215	-6.36	-10.8	-393.8	
14.22	-6.39	-10.8	-385.5	
14.225	-6.41	-11.6	-345.1	
14.23	-6.45	-12.6	-327.4	
14.235	-6.48	-12.1	-310.8	
14.24	-6.51	-10.7	-297.1	
14.245	-6.52	-8.2	-292.2	
14.25	-6.52	-2.8	-282.8	
14.255	-6.49	4.9	-313.4	
14.26	-6.41	13.3	-307.8	
14.265	-6.3	22.1	-302.1	
14.27	-6.14	30.3	-339.7	
14.275	-5.94	36	-352.4	
14.28	-5.72	40.1	-379.9	
14.285	-5.49	43.5	-419.6	
14.29	-5.24	44.7	-428.4	
14.295	-5	43.4	-436.4	
14.3	-4.76	41.5	-459.8	
14.305	-4.54	38.9	-482.2	
14.31	-4.34	34.2	-497.8	
14.315	-4.16	28.4	-509.3	
14.32	-4.01	23.3	-511.6	
14.325	-3.89	18.4	-506.4	
14.33	-3.79	13.6	-504.6	
14.335	-3.72	9.6	-509.6	
14.34	-3.66	5.6	-505.7	
14.345	-3.63	2.2	-503.4	
14.35	-3.61	0.7	-511.2	
14.355	-3.59	0	-512	
14.36	-3.57	-0.9	-511.5	
14.365	-3.56	-1.7	NaN	
14.37	-3.56	-2.2	-511.8	
14.375	-3.55	-3.9	NaN	
14.38	-3.56	-6	-512	
14.385	-3.58	-7.2	-510.3	
14.39	-3.6	-8.4	-510.7	
14.395	-3.63	-10.3	NaN	
14.4	-3.67	-11.4	-511.9	
14.405	-3.71	-11.8	NaN	
14.41	-3.75	-12.7	-508.3	
14.415	-3.8	-13.4	-508.4	
14.42	-3.85	-13.7	-512	
14.425	-3.91	-14.7	-511.1	
14.43	-3.97	-16.1	-510.4	
14.435	-4.03	-16.9	-509.3	
14.44	-4.1	-18	-510.6	
14.445	-4.17	-19.5	-508.9	
14.45	-4.25	-19.9	-504.6	
14.455	-4.33	-19.7	-508.2	
14.46	-4.41	-20.1	-511.6	
14.465	-4.49	-20	-500.8	
14.47	-4.57	-18.9	-490.1	
14.475	-4.64	-18.3	-494.5	
14.48	-4.71	-18.3	-505.8	
14.485	-4.78	-17.7	-511.4	
14.49	-4.84	-17.4	-500.3	
14.495	-4.91	-17.4	-499.2	
14.5	-4.97	-16.7	-510.7	
14.505	-5.03	-15.6	NaN	
14.51	-5.08	-15.1	-511.9	
14.515	-5.13	-14.3	NaN	
14.52	-5.18	-12.8	-511.9	
14.525	-5.22	-12	NaN	
14.53	-5.25	-11.5	-512	
14.535	-5.28	-10.3	NaN	
14.54	-5.31	-9.3	NaN	
14.545	-5.33	-8.8	NaN	
14.55	-5.34	-7.5	-512	
14.555	-5.35	-5.8	NaN	
14.56	-5.35	-5	-511.9	
14.565	-5.35	-4	-511.9	
14.57	-5.34	-2.5	-511.9	
14.575	-5.33	-1.6	NaN	
14.58	-5.31	-1.2	-504.6	
14.585	-5.29	-0.5	-408.9	
14.59	-5.27	-0.4	-195.1	
14.595	-5.25	-1.2	-25.1	
14.6	-5.23	-1.4	7.2	
14.605	-5.22	-1.6	-64.4	
14.61	-5.2	-2.6	-290.6	
14.615	-5.19	-3.2	-490	
14.62	-5.19	-3.2	NaN	
14.625	-5.18	-3.6	-510.7	
14.63	-5.17	-4.1	NaN	
14.635	-5.17	-3.6	-510.8	
14.64	-5.16	-3.4	NaN	
14.645	-5.16	-4.1	-511.6	
14.65	-5.16	-4.2	NaN	
14.655	-5.15	-4.2	NaN	
14.66	-5.15	-4.9	-511.8	
14.665	-5.16	-5.2	-510.5	
14.67	-5.16	-4.6	-509.2	
14.675	-5.16	-4.7	-509.1	
14.68	-5.16	-5.5	-510.8	
14.685	-5.16	-6	-510.5	
14.69	-5.17	-6.9	-506.2	
14.695	-5.19	-8.6	-502.2	
14.7	-5.21	-9.3	-492.2	
14.705	-5.23	-9.1	-485.3	
14.71	-5.25	-9.2	-481.8	
14.715	-5.27	-9.5	-461.3	
14.72	-5.3	-9.8	-437.8	
14.725	-5.33	-10.8	-429.5	
14.73	-5.36	-11.8	-434.8	
14.735	-5.39	-11.8	-424.9	
14.74	-5.43	-12	-391.4	
14.745	-5.46	-12.5	-356	
14.75	-5.5	-11.6	-337.6	
14.755	-5.53	-9.7	-312.6	
14.76	-5.55	-8.2	-295.6	
14.765	-5.56	-6.2	-297.6	
14.77	-5.56	-2.8	-283.3	
14.775	-5.53	1.7	-273.2	
14.78	-5.49	7.8	-269.5	
14.785	-5.4	15.5	-266.4	
14.79	-5.28	22.4	-258.9	
14.795	-5.13	27.3	-260.6	
14.8	-4.96	31.2	-284	
14.805	-4.78	34	-297.7	
14.81	-4.58	34.8	-315.4	
14.815	-4.39	34.8	-341.6	
14.82	-4.2	34.5	-358	
14.825	-4.01	33.1	-372.4	
14.83	-3.83	31	-404.9	
14.835	-3.66	29.7	-421.4	
14.84	-3.5	28.3	-437.9	
14.845	-3.35	26.2	-467.9	
14.85	-3.2	25	-470.6	
14.855	-3.07	24.3	-468.7	
14.86	-2.94	22.7	-464.6	
14.865	-2.81	21.2	-475.9	
14.87	-2.7	20.5	-487.3	
14.875	-2.58	19.2	-471.1	
14.88	-2.48	17.1	-471	
14.885	-2.39	14.6	-480.2	
14.89	-2.32	11	-471.4	
14.895	-2.26	6.4	-468.3	
14.9	-2.23	2.4	-457.9	
14.905	-2.22	-1.3	-457.6	
14.91	-2.22	-5.5	-465.7	
14.915	-2.25	-9.2	-474.2	
14.92	-2.29	-11.8	-468.2	
14.925	-2.35	-14.6	-445.3	
14.93	-2.42	-17.2	-460.2	
14.935	-2.5	-18.4	-469.7	
14.94	-2.58	-19.4	-456.3	
14.945	-2.67	-20.5	-451.7	
14.95	-2.76	-20.5	-455.7	
14.955	-2.85	-19.9	-453.7	
14.96	-2.93	-20	-435.6	
14.965	-3.02	-19.7	-437.8	
14.97	-3.1	-18.6	-445.3	
14.975	-3.18	-18.2	-425.5	
14.98	-3.25	-18	-407.2	
14.985	-3.33	-17	-402.6	
14.99	-3.39	-16.3	-416	
14.995	-3.46	-16.7	-428	
15	-3.53	-16.6	-403.3	
15.005	-3.59	-16.1	-391	
15.01	-3.66	-16.3	-406.4	
15.015	-3.72	-16.6	-416.1	
15.02	-3.79	-16.2	-421.7	
15.025	-3.85	-16.3	-426.9	
15.03	-3.91	-16.6	-444.7	
15.035	-3.98	-16.3	-453	
15.04	-4.04	-16.1	-462.5	
15.045	-4.1	-16.3	-484.4	
15.05	-4.16	-15.3	-488.1	
15.055	-4.22	-13.7	-479.6	
15.06	-4.26	-12.7	-475.9	
15.065	-4.3	-11.1	-485.2	
15.07	-4.33	-8.6	-488.2	
15.075	-4.35	-6.6	-455.8	
15.08	-4.36	-5	-442.9	
15.085	-4.36	-2.7	-468	
15.09	-4.35	-0.9	-476	
15.095	-4.33	-0.1	-480	
15.1	-4.31	0.7	-494.9	
15.105	-4.29	1	-492.3	
15.11	-4.26	0.1	-422.8	
15.115	-4.25	-0.8	-240.2	
15.12	-4.23	-1.4	2.1	
15.125	-4.22	-2.9	124.9	
15.13	-4.22	-4.8	89.6	
15.135	-4.23	-6	-98.2	
15.14	-4.24	-7.3	-384.1	
15.145	-4.26	-9.1	NaN	
15.15	-4.29	-9.8	-508.9	
15.155	-4.32	-9.7	NaN	
15.16	-4.35	-9.9	-508.9	
15.165	-4.38	-9.8	-502.2	
15.17	-4.41	-8.9	-496.8	
15.175	-4.43	-8.4	-458.3	
15.18	-4.45	-8	-438.8	
15.185	-4.47	-6.8	-458.9	
15.19	-4.48	-6	-444.5	
15.195	-4.49	-5.6	-429.5	
15.2	-4.49	-4.4	-434.9	
15.205	-4.49	-3.3	-419.9	
15.21	-4.49	-3.2	-402	
15.215	-4.48	-2.9	-394.7	
15.22	-4.47	-2.2	-394.4	
15.225	-4.46	-2.6	-388.3	
15.23	-4.46	-3.9	-362.3	
15.235	-4.46	-4.9	-353.7	
15.24	-4.47	-6.6	-356.1	
15.245	-4.49	-8.9	-340.3	
15.25	-4.52	-10.6	-315.3	
15.255	-4.55	-11.9	-287.8	
15.26	-4.59	-13.8	-262	
15.265	-4.65	-15.5	-245	
15.27	-4.71	-16.1	-235	
15.275	-4.77	-16.8	-203.7	
15.28	-4.83	-16.8	-186.9	
15.285	-4.89	-15.2	-175.6	
15.29	-4.93	-13	-133.9	
15.295	-4.97	-10.2	-122.5	
15.3	-4.99	-4.7	-133.1	
15.305	-4.97	3	-122.1	
15.31	-4.91	11.2	-93.7	
15.315	-4.81	19.6	-90.3	
15.32	-4.67	27.5	-104.8	
15.325	-4.5	33.2	-106	
15.33	-4.3	36.9	-119.8	
15.335	-4.09	39.9	-154	
15.34	-3.87	41.1	-184.4	
15.345	-3.65	40.4	-210.8	
15.35	-3.43	39.5	-228.6	
15.355	-3.22	38.5	-257.3	
15.36	-3.02	35.9	-298.7	
15.365	-2.83	32.5	-288.7	
15.37	-2.67	29.1	-278.5	
15.375	-2.52	25.1	-319.7	
15.38	-2.39	21.1	-365.7	
15.385	-2.29	18	-366.1	
15.39	-2.19	14.4	-326.3	
15.395	-2.12	10.4	-327.6	
15.4	-2.07	7.6	-370.8	
15.405	-2.03	5.5	-388.6	
15.41	-2	2.9	-376.4	
15.415	-1.98	1	-351.5	
15.42	-1.97	0.1	-348.4	
15.425	-1.96	-1.1	-358.7	
15.43	-1.96	-2.5	-366.7	
15.435	-1.96	-3	-388.5	
15.44	-1.97	-3.4	-379.6	
15.445	-1.98	-4.1	-361.2	
15.45	-1.99	-4.4	-357.5	
15.455	-2.01	-4.7	-349.9	
15.46	-2.02	-6	-343.3	
15.465	-2.05	-7.5	-339.9	
15.47	-2.08	-8.9	-342.7	
15.475	-2.12	-11.5	-337.6	
15.48	-2.18	-14.7	-332.9	
15.485	-2.25	-17.1	-330.3	
15.49	-2.33	-19.4	-322.8	
15.495	-2.42	-22.1	-323.5	
15.5	-2.52	-23.5	-331.5	
15.505	-2.63	-23.9	-325.2	
15.51	-2.74	-24.6	-310.4	
15.515	-2.85	-24.4	-303.6	
15.52	-2.96	-23.2	-277.3	
15.525	-3.05	-22	-262.6	
15.53	-3.15	-20.7	-270.6	
15.535	-3.23	-18.3	-258.4	
15.54	-3.3	-16	-274.7	
15.545	-3.36	-14.4	-315.7	
15.55	-3.41	-12.3	-321.6	
15.555	-3.45	-10.2	-307.7	
15.56	-3.48	-9.3	-310.1	
15.565	-3.51	-8.7	-344.5	
15.57	-3.54	-7.7	-375.9	
15.575	-3.56	-7.7	-374.4	
15.58	-3.58	-8.2	-372	
15.585	-3.61	-8	-369.8	
15.59	-3.63	-7.8	-370.4	
15.595	-3.66	-8.4	-404.7	
15.6	-3.68	-8.5	-422.6	
15.605	-3.71	-8.4	-394.4	
15.61	-3.73	-9	-372.8	
15.615	-3.76	-9.2	-372.1	
15.62	-3.79	-8.5	-374.6	
15.625	-3.81	-8.2	-375.2	
15.63	-3.84	-8	-398.1	
15.635	-3.86	-7	-441.9	
15.64	-3.87	-6	-462.3	
15.645	-3.88	-5.7	-389	
15.65	-3.89	-5	-172.8	
15.655	-3.9	-4.2	113	
15.66	-3.9	-4.4	292.3	
15.665	-3.9	-4.2	343.5	
15.67	-3.9	-3.2	269.5	
15.675	-3.9	-2.5	-77.2	
15.68	-3.89	-2	-437.7	
15.685	-3.88	-1	NaN	
15.69	-3.87	-0.2	-510.4	
15.695	-3.85	0	-499.8	
15.7	-3.83	0.4	-468.4	
15.705	-3.81	0.2	-442.4	
15.71	-3.8	-1.6	-384.5	
15.715	-3.79	-3.8	-353.1	
15.72	-3.8	-5.7	-343.5	
15.725	-3.82	-8.5	-328.3	
15.73	-3.85	-11.3	-329.4	
15.735	-3.89	-13	-338.4	
15.74	-3.94	-14.3	-333.1	
15.745	-4	-15.6	-307.4	
15.75	-4.06	-15.5	-274.8	
15.755	-4.12	-14.2	-277.8	
15.76	-4.17	-12.9	-296.3	
15.765	-4.21	-11.1	-278.2	
15.77	-4.24	-8.9	-257.5	
15.775	-4.26	-7.5	-242	
15.78	-4.27	-6.6	-227.6	
15.785	-4.28	-5.4	-224.1	
15.79	-4.29	-4.8	-204.9	
15.795	-4.3	-5.5	-178.5	
15.8	-4.3	-5.8	-158.4	
15.805	-4.31	-6	-125.2	
15.81	-4.33	-7.5	-95.6	
15.815	-4.35	-9.1	-70.5	
15.82	-4.38	-10.1	-47.2	
15.825	-4.41	-11.1	-37.9	
15.83	-4.45	-11.1	-27.5	
15.835	-4.48	-7.9	-14	
15.84	-4.48	-2.4	-7.5	
15.845	-4.46	4.5	11.4	
15.85	-4.39	12.5	11.3	
15.855	-4.29	20.1	1.1	
15.86	-4.16	25.9	20.9	
15.865	-4	31.3	18.4	
15.87	-3.81	36.6	2	
15.875	-3.6	39.7	-40.2	
15.88	-3.38	41.1	-73.7	
15.885	-3.16	42.4	-78.3	
15.89	-2.93	42.5	-104.8	
15.895	-2.71	40.9	-131.8	
15.9	-2.5	38.8	-163.8	
15.905	-2.3	36.5	-183.1	
15.91	-2.11	32.9	-203.4	
15.915	-1.95	28.9	-246.1	
15.92	-1.81	24.9	-254.3	
15.925	-1.69	20.1	-244	
15.93	-1.59	15.5	-264.1	
15.935	-1.52	12	-265.2	
15.94	-1.46	8.5	-245.8	
15.945	-1.42	4.5	-246.4	
15.95	-1.4	1.4	-239	
15.955	-1.39	-0.7	-255.5	
15.96	-1.39	-3.3	-275.4	
15.965	-1.41	-5.6	-265.3	
15.97	-1.43	-6.9	-258.5	
15.975	-1.47	-8.1	-232.5	
15.98	-1.5	-9.4	-218.3	
15.985	-1.54	-10.2	-238.1	
15.99	-1.59	-11.3	-256.7	
15.995	-1.64	-12.9	-259.8	
16	-1.7	-14	-261.2	
16.005	-1.77	-15	-256.7	
16.01	-1.84	-16.5	-244.7	
16.015	-1.92	-17.8	-258.9	
16.02	-2	-18.4	-262.4	
16.025	-2.08	-19.2	-258	
16.03	-2.17	-20	-251.8	
16.035	-2.26	-19.7	-230.6	
16.04	-2.35	-19.5	-243.3	
16.045	-2.43	-19.6	-253.8	
16.05	-2.52	-18.5	-236.4	
16.055	-2.6	-16.8	-212.6	
16.06	-2.66	-15.9	-192.5	
16.065	-2.73	-14.8	-201.7	
16.07	-2.79	-12.8	-199.5	
16.075	-2.83	-11.6	-178.3	
16.08	-2.88	-11.1	-194.7	
16.085	-2.92	-10.6	-196.8	
16.09	-2.96	-10.6	-179.4	
16.095	-3	-11.6	-197.9	
16.1	-3.04	-12.5	-214.3	
16.105	-3.1	-13.1	-239	
16.11	-3.15	-14	-269	
16.115	-3.21	-14.4	-271.8	
16.12	-3.26	-13.8	-279.9	
16.125	-3.31	-13.3	-309.3	
16.13	-3.36	-12.4	-330.3	
16.135	-3.41	-10.2	-321.2	
16.14	-3.43	-7.9	-317.2	
16.145	-3.45	-5.9	-320.7	
16.15	-3.46	-3.4	-302.1	
16.155	-3.45	-0.8	-286.2	
16.16	-3.44	0.6	-296	
16.165	-3.42	1.6	-303	
16.17	-3.39	2.4	-301.3	
16.175	-3.37	2	-319.8	
16.18	-3.34	1.3	-354.7	
16.185	-3.32	1.2	-363.3	
16.19	-3.3	0.6	-282.4	
16.195	-3.29	-1.2	-45.6	
16.2	-3.28	-2.6	262.2	
16.205	-3.28	-3.7	441	
16.21	-3.29	-5.3	459.3	
16.215	-3.3	-6.5	309.2	
16.22	-3.32	-6.8	-99.3	
16.225	-3.34	-7.3	-453.3	
16.23	-3.37	-7.7	NaN	
16.235	-3.39	-7.5	-499	
16.24	-3.41	-7	-448.9	
16.245	-3.43	-6.2	-377.4	
16.25	-3.44	-5.2	-329.3	
16.255	-3.45	-4.9	-309.2	
16.26	-3.46	-5.3	-290.1	
16.265	-3.47	-5.4	-261.8	
16.27	-3.48	-5.4	-260.2	
16.275	-3.49	-6.7	-256.8	
16.28	-3.52	-9	-244.1	
16.285	-3.55	-10.2	-243.8	
16.29	-3.59	-11.2	-242.5	
16.295	-3.63	-12.5	-226.2	
16.3	-3.68	-12.6	-210.8	
16.305	-3.72	-11.9	-203.4	
16.31	-3.76	-11.6	-183	
16.315	-3.8	-11.4	-167.6	
16.32	-3.84	-11.1	-166.2	
16.325	-3.88	-11.5	-149.6	
16.33	-3.92	-11.8	-127.5	
16.335	-3.96	-10.9	-112.1	
16.34	-3.99	-10.2	-86.4	
16.345	-4.02	-10	-55.3	
16.35	-4.05	-9.2	-37.9	
16.355	-4.08	-8.3	-16	
16.36	-4.1	-8.4	13.4	
16.365	-4.12	-8.2	31.3	
16.37	-4.14	-6.9	47.4	
16.375	-4.15	-5	62.9	
16.38	-4.15	-1.6	81.8	
16.385	-4.13	4.4	109	
16.39	-4.07	11.7	103.8	
16.395	-3.97	18.6	98.3	
16.4	-3.85	25.1	100	
16.405	-3.69	30.7	81.6	
16.41	-3.51	34.4	57.8	
16.415	-3.31	37.1	31.8	
16.42	-3.11	39.2	19.4	
16.425	-2.9	39.7	1.8	
16.43	-2.69	39.1	-31.1	
16.435	-2.48	38.6	-56.6	
16.44	-2.28	37.3	-77.9	
16.445	-2.09	34.8	-112.1	
16.45	-1.91	32.7	-134.1	
16.455	-1.74	30.9	-143.7	
16.46	-1.59	28.2	-161.1	
16.465	-1.45	25.3	-178.6	
16.47	-1.32	22.9	-184.1	
16.475	-1.21	19.5	-197.6	
16.48	-1.12	15.4	-202.6	
16.485	-1.04	12.6	-197.4	
16.49	-0.98	10.5	-188.3	
16.495	-0.93	7.9	-171.7	
16.5	-0.89	5.2	-192	
16.505	-0.87	2.2	-197.2	
16.51	-0.86	-1.8	-191.9	
16.515	-0.88	-5.7	-184.6	
16.52	-0.91	-8.4	-164.3	
16.525	-0.96	-11	-172.7	
16.53	-1.01	-13.3	-176.8	
16.535	-1.08	-14.2	-178.3	
16.54	-1.14	-14.3	-198.3	
16.545	-1.21	-14.4	-204.5	
16.55	-1.27	-14.3	-194.5	
16.555	-1.34	-14.6	-190.6	
16.56	-1.41	-16.1	-196.1	
16.565	-1.49	-17.6	-194.6	
16.57	-1.57	-18.2	-181.3	
16.575	-1.66	-18.6	-181.3	
16.58	-1.74	-18.6	-187	
16.585	-1.82	-17.3	-179.9	
16.59	-1.9	-15.8	-174.8	
16.595	-1.97	-15.2	-172.9	
16.6	-2.03	-14.1	-183	
16.605	-2.09	-12.7	-186.4	
16.61	-2.14	-12.4	-166.6	
16.615	-2.19	-12.4	-158.3	
16.62	-2.24	-11.9	-158.4	
16.625	-2.29	-12.1	-131.6	
16.63	-2.34	-12.7	-108.3	
16.635	-2.4	-12.6	-117.6	
16.64	-2.45	-12.5	-117.9	
16.645	-2.5	-12.8	-111	
16.65	-2.55	-12.6	-129.7	
16.655	-2.6	-12.6	-143.9	
16.66	-2.66	-13.6	-163	
16.665	-2.71	-14.1	-195.1	
16.67	-2.77	-13.4	-201.1	
16.675	-2.82	-12.4	-202.7	
16.68	-2.87	-11.1	-226.7	
16.685	-2.9	-8.3	-242.3	
16.69	-2.93	-5.6	-222.3	
16.695	-2.94	-3.6	-214.5	
16.7	-2.93	-1.3	-230.5	
16.705	-2.92	1	-232.5	
16.71	-2.9	1.9	-212	
16.715	-2.88	2.4	-203.4	
16.72	-2.85	2.9	-211.6	
16.725	-2.82	2.3	-194.1	
16.73	-2.8	0.9	-207.7	
16.735	-2.79	0.2	-232.8	
16.74	-2.77	-0.5	-217.5	
16.745	-2.77	-2.3	-160.9	
16.75	-2.77	-3.9	11.8	
16.755	-2.78	-5	276.3	
16.76	-2.8	-6.4	458.4	
16.765	-2.82	-7.2	490.1	
16.77	-2.84	-7.4	403.6	
16.775	-2.87	-8.2	99	
16.78	-2.9	-8.3	-313.6	
16.785	-2.92	-5.9	-506	
16.79	-2.93	-3.3	-491	
16.795	-2.93	-2	-418.8	
16.8	-2.92	-0.8	-315.5	
16.805	-2.91	-0.1	-264.5	
16.81	-2.9	-1.1	-251.4	
16.815	-2.9	-2.8	-205.5	
16.82	-2.9	-3.6	-187.1	
16.825	-2.91	-4.4	-201.8	
16.83	-2.92	-5.4	-186.1	
16.835	-2.93	-5.4	-166.3	
16.84	-2.94	-5.3	-149.5	
16.845	-2.96	-6.1	-137.8	
16.85	-2.98	-6.6	-151.4	
16.855	-3	-7	-135.6	
16.86	-3.02	-8.3	-112.4	
16.865	-3.05	-9.7	-119.6	
16.87	-3.09	-10.9	-124.6	
16.875	-3.13	-11.9	-113.5	
16.88	-3.18	-11.5	-86.1	
16.885	-3.22	-10.6	-55.6	
16.89	-3.26	-11.3	-50.9	
16.895	-3.3	-12.9	-41	
16.9	-3.35	-13	-36.7	
16.905	-3.4	-12.1	-19.5	
16.91	-3.44	-11.6	19.7	
16.915	-3.48	-10.6	44.8	
16.92	-3.52	-8.3	82.7	
16.925	-3.54	-6.2	108.6	
16.93	-3.55	-4.6	102.2	
16.935	-3.55	-1.9	112.3	
16.94	-3.53	2.4	131.5	
16.945	-3.49	7.8	128.6	
16.95	-3.42	14.4	130.7	
16.955	-3.31	21.2	136	
16.96	-3.18	26.5	122.6	
16.965	-3.02	31	101.9	
16.97	-2.84	35.2	88.2	
16.975	-2.64	38.1	78.4	
16.98	-2.44	40.3	59.8	
16.985	-2.22	43.2	37.8	
16.99	-1.99	45.5	20.1	
16.995	-1.75	46.3	-14.4	
17	-1.51	46.3	-39.4	
17.005	-1.27	45.7	-54	
17.01	-1.04	43.8	-99.8	
17.015	-0.82	41.6	-125.6	
17.02	-0.62	39.1	-118.8	
17.025	-0.43	35	-119.2	
17.03	-0.27	29.6	-114.5	
17.035	-0.13	24.5	-133.6	
17.04	-0.02	19.2	-144	
17.045	0.06	13.2	-125	
17.05	0.11	7.8	-129.2	
17.055	0.14	3.4	-120.1	
17.06	0.14	-1.1	-99.2	
17.065	0.13	-4.6	-104.1	
17.07	0.1	-6.9	-109.1	
17.075	0.06	-9	-103.3	
17.08	0.01	-10.7	-86	
17.085	-0.05	-10.9	-75.7	
17.09	-0.1	-10.7	-87.3	
17.095	-0.15	-10.9	-94.1	
17.1	-0.21	-10.6	-87.6	
17.105	-0.26	-10.2	-104.2	
17.11	-0.31	-10.7	-121.3	
17.115	-0.36	-11.4	-148	
17.12	-0.42	-11.8	-145.4	
17.125	-0.48	-13.1	-80	
17.13	-0.55	-15.1	-72.2	
17.135	-0.62	-16.5	-81.8	
17.14	-0.7	-17.9	-100.5	
17.145	-0.8	-19.9	-158.3	
17.15	-0.89	-21	-130.6	
17.155	-1	-21.5	-53.2	
17.16	-1.1	-22.3	-31.3	
17.165	-1.21	-22.2	-38.5	
17.17	-1.31	-20.5	-64.4	
17.175	-1.4	-18.5	-81.6	
17.18	-1.48	-16.5	-74.7	
17.185	-1.55	-13.7	-75.2	
17.19	-1.6	-11.1	-59.5	
17.195	-1.65	-9.2	-34.3	
17.2	-1.68	-7.1	-32.8	
17.205	-1.7	-4.9	-37.1	
17.21	-1.72	-3.8	-30.1	
17.215	-1.73	-3	-43	
17.22	-1.73	-2.4	-78.9	
17.225	-1.74	-2.9	-113	
17.23	-1.74	-3.9	-135.6	
17.235	-1.76	-4	-134.4	
17.24	-1.77	-4.1	-138.5	
17.245	-1.78	-5	-145.9	
17.25	-1.8	-5.6	-141.9	
17.255	-1.82	-5.5	-145.5	
17.26	-1.84	-5.2	-146.6	
17.265	-1.86	-4.3	-140.8	
17.27	-1.87	-3	-127.2	
17.275	-1.87	-2.4	-119.5	
17.28	-1.87	-2.3	-137.5	
17.285	-1.87	-1.7	-153.3	
17.29	-1.87	-1.7	-144.3	
17.295	-1.88	-2.6	-156	
17.3	-1.88	-2.9	-185.7	
17.305	-1.89	-2.8	-189.4	
17.31	-1.89	-3.3	-109.3	
17.315	-1.9	-3.5	86.8	
17.32	-1.91	-2.6	273	
17.325	-1.91	-2.3	396.4	
17.33	-1.91	-2.3	431.5	
17.335	-1.92	-1.5	299.2	
17.34	-1.91	-0.7	-23.4	
17.345	-1.91	-0.5	-382.9	
17.35	-1.9	0	-493.2	
17.355	-1.89	0.6	-384.1	
17.36	-1.88	-0.2	-256.9	
17.365	-1.88	-1.5	-194.9	
17.37	-1.88	-2.5	-178.5	
17.375	-1.88	-4.3	-148.5	
17.38	-1.9	-6.8	-127.1	
17.385	-1.93	-8.7	-117.4	
17.39	-1.97	-10.4	-88.3	
17.395	-2.02	-12.3	-72.7	
17.4	-2.08	-13.3	-95.1	
17.405	-2.13	-13.4	-108.1	
17.41	-2.19	-13.6	-96.8	
17.415	-2.25	-13.1	-79.2	
17.42	-2.3	-11.4	-52.6	
17.425	-2.34	-10.1	-39.3	
17.43	-2.38	-9.5	-35.8	
17.435	-2.41	-8.7	-28.8	
17.44	-2.44	-8.3	-24.8	
17.445	-2.48	-9	-15.5	
17.45	-2.51	-9.7	0	
17.455	-2.55	-10.6	7.1	
17.46	-2.6	-12.4	14.3	
17.465	-2.65	-13.9	48.2	
17.47	-2.71	-14.4	81.5	
17.475	-2.77	-14.8	105	
17.48	-2.83	-14.7	137.9	
17.485	-2.89	-13	155.4	
17.49	-2.93	-10.3	160.7	
17.495	-2.96	-6.4	186.3	
17.5	-2.96	0.2	208.2	
17.505	-2.93	8.8	210.9	
17.51	-2.85	17.7	198.7	
17.515	-2.73	26.7	192.6	
17.52	-2.56	34.9	204.9	
17.525	-2.36	40.5	190.5	
17.53	-2.13	44.1	161.5	
17.535	-1.9	47.1	152.3	
17.54	-1.65	48.4	150.8	
17.545	-1.4	47.7	132.3	
17.55	-1.16	46.7	99.6	
17.555	-0.92	45.6	72.7	
17.56	-0.7	43	60.2	
17.565	-0.49	39.9	43.4	
17.57	-0.29	37.1	8	
17.575	-0.12	33.7	-12.9	
17.58	0.04	30.2	-19.5	
17.585	0.19	27.6	-23.5	
17.59	0.32	24.7	-18.8	
17.595	0.43	21	-25.9	
17.6	0.52	18.1	-21.1	
17.605	0.61	15.4	-25.4	
17.61	0.67	12.1	-33.6	
17.615	0.72	9.1	-3.1	
17.62	0.76	7.2	16.4	
17.625	0.79	5.1	8.9	
17.63	0.8	3	-15	
17.635	0.81	2.1	-18.5	
17.64	0.82	2.2	-0.9	
17.645	0.82	1.1	20.2	
17.65	0.82	-1.7	31.2	
17.655	0.8	-4.3	18	
17.66	0.77	-4.9	-2.2	
17.665	0.75	-3.5	-9.4	
17.67	0.73	-2.8	-0.4	
17.675	0.71	-5	6.4	
17.68	0.67	-8.9	-1.6	
17.685	0.61	-12.4	-4.5	
17.69	0.54	-16.3	6.9	
17.695	0.44	-21.7	8.5	
17.7	0.32	-26.7	-5.7	
17.705	0.17	-30	-0.6	
17.71	0.02	-32.6	9.9	
17.715	-0.15	-33.7	11.8	
17.72	-0.32	-33.3	27	
17.725	-0.48	-32.9	29	
17.73	-0.64	-31.5	20.9	
17.735	-0.79	-28.5	18.9	
17.74	-0.92	-25.4	30.9	
17.745	-1.03	-23.1	26.8	
17.75	-1.14	-20.1	16.7	
17.755	-1.22	-16.2	28.6	
17.76	-1.29	-12.9	38.8	
17.765	-1.34	-10.3	50.8	
17.77	-1.38	-7.7	69.3	
17.775	-1.41	-5.8	74	
17.78	-1.43	-4.7	77.8	
17.785	-1.44	-3.8	91.9	
17.79	-1.45	-3.8	69.9	
17.795	-1.47	-4.5	56.1	
17.8	-1.48	-4.4	89.2	
17.805	-1.5	-3.9	67.1	
17.81	-1.51	-4.3	2.1	
17.815	-1.52	-4.2	-17.1	
17.82	-1.53	-3.1	-12.5	
17.825	-1.54	-2.6	-12.3	
17.83	-1.55	-2.2	-20.4	
17.835	-1.55	-0.9	-24.1	
17.84	-1.54	0.3	-13.5	
17.845	-1.53	0.5	-19.1	
17.85	-1.52	0.6	-35	
17.855	-1.51	0.8	-28.9	
17.86	-1.5	0	-14.2	
17.865	-1.5	-0.6	-9.1	
17.87	-1.49	-0.5	-19.5	
17.875	-1.49	-1.5	-45.3	
17.88	-1.5	-2.9	-71.2	
17.885	-1.51	-3.3	-70	
17.89	-1.52	-4	-0.4	
17.895	-1.53	-5.8	172.3	
17.9	-1.56	-7.4	400.9	
17.905	-1.59	-9	510.8	
17.91	-1.64	-11.5	511.1	
17.915	-1.69	-13.6	485.6	
17.92	-1.75	-14.2	258.4	
17.925	-1.82	-14.8	-170.7	
17.93	-1.89	-15.3	-435.8	
17.935	-1.95	-14.4	-376.9	
17.94	-2.01	-13	-219.4	
17.945	-2.06	-12.1	-132.4	
17.95	-2.11	-10.8	-92.9	
17.955	-2.15	-9.4	-55.1	
17.96	-2.19	-8.9	-13.2	
17.965	-2.22	-8.4	-4.2	
17.97	-2.25	-7.3	-2.3	
17.975	-2.28	-6.7	5.3	
17.98	-2.3	-6.8	-6.7	
17.985	-2.32	-6.5	9.8	
17.99	-2.34	-6.8	24.2	
17.995	-2.37	-8.2	20.1	
18	-2.4	-9.7	27.8	
18.005	-2.44	-10.9	26.3	
18.01	-2.49	-12.4	40.1	
18.015	-2.54	-13	55.6	
18.02	-2.6	-12.5	45.3	
18.025	-2.65	-12.6	56.5	
18.03	-2.7	-13.5	85.8	
18.035	-2.75	-13.5	109	
18.04	-2.81	-13.4	126.7	
18.045	-2.86	-13.8	141	
18.05	-2.92	-13.7	159.5	
18.055	-2.97	-13.3	193.2	
18.06	-3.02	-12.5	221.9	
18.065	-3.07	-11.8	239.3	
18.07	-3.11	-10.8	270.2	
18.075	-3.15	-7.9	290.1	
18.08	-3.16	-1.6	298.6	
18.085	-3.13	7	306.1	
18.09	-3.06	15.2	316.5	
18.095	-2.95	22.3	326.3	
18.1	-2.81	29.9	320.8	
18.105	-2.63	38.5	298.5	
18.11	-2.4	47	274.8	
18.115	-2.14	54.8	263.5	
18.12	-1.84	60.1	242.5	
18.125	-1.52	61.4	215.5	
18.13	-1.21	60.1	190.6	
18.135	-0.91	57.6	149.4	
18.14	-0.63	53.2	112.8	
18.145	-0.38	47.1	84.2	
18.15	-0.16	41.2	69.7	
18.155	0.04	36.2	65	
18.16	0.2	31	41	
18.165	0.34	26.4	20	
18.17	0.46	22.8	6.6	
18.175	0.57	18.8	-11.8	
18.18	0.65	14.4	-13.4	
18.185	0.71	10.9	3.7	
18.19	0.75	7.6	-6.4	
18.195	0.78	4.2	-30.1	
18.2	0.79	2	-30.3	
18.205	0.79	1.1	-20.6	
18.21	0.79	-0.1	-10.6	
18.215	0.78	-0.7	-5.8	
18.22	0.78	-0.2	-3.5	
18.225	0.77	0.5	-5.9	
18.23	0.77	0.5	0.3	
18.235	0.77	-0.8	7	
18.24	0.76	-3.4	-5.6	
18.245	0.73	-6.9	-9.5	
18.25	0.68	-9.9	-3.8	
18.255	0.62	-12.9	-1.7	
18.26	0.55	-16.8	-6.8	
18.265	0.45	-20.2	-16.6	
18.27	0.34	-22.3	-22.3	
18.275	0.22	-24.4	-22.2	
18.28	0.1	-26.5	-24.6	
18.285	-0.04	-27.2	-23	
18.29	-0.18	-27	-19.4	
18.295	-0.31	-26.5	-21.6	
18.3	-0.44	-25	-31.7	
18.305	-0.55	-22.8	-41.3	
18.31	-0.66	-20.9	-37.1	
18.315	-0.76	-18.5	-37.4	
18.32	-0.84	-15.4	-46.6	
18.325	-0.9	-12.9	-41.2	
18.33	-0.96	-11.1	-30.2	
18.335	-1	-9.1	-31.6	
18.34	-1.04	-8.1	-35	
18.345	-1.08	-8.2	-31.4	
18.35	-1.11	-7.8	-31.7	
18.355	-1.15	-7.4	-26.8	
18.36	-1.18	-8.4	-18.9	
18.365	-1.22	-9.6	-27.9	
18.37	-1.26	-9.9	-19.5	
18.375	-1.31	-10.4	-10.2	
18.38	-1.35	-11.2	-15.7	
18.385	-1.4	-11.2	3.5	
18.39	-1.45	-11	20.8	
18.395	-1.5	-11	15.6	
18.4	-1.55	-10.2	26.4	
18.405	-1.59	-8.7	56.9	
18.41	-1.62	-7.5	67.8	
18.415	-1.65	-6.3	54.8	
18.42	-1.67	-4.5	48.1	
18.425	-1.68	-3.3	52.1	
18.43	-1.69	-2.6	22.7	
18.435	-1.69	-1.5	-25.4	
18.44	-1.69	-0.9	-44.4	
18.445	-1.68	-1.2	-46.4	
18.45	-1.68	-1.3	-57.4	
18.455	-1.68	-1.4	-78.5	
18.46	-1.68	-2.7	-83.3	
18.465	-1.69	-4.5	-83.8	
18.47	-1.71	-5.8	-93.6	
18.475	-1.74	-7.4	-82.1	
18.48	-1.77	-9.3	-70	
18.485	-1.81	-10.3	-86.5	
18.49	-1.86	-11	-86.7	
18.495	-1.9	-11.7	-64.6	
18.5	-1.95	-11	-61.3	
18.505	-1.99	-9.6	-78.9	
18.51	-2.03	-8.9	-115.5	
18.515	-2.07	-8.6	-145.9	
18.52	-2.1	-8.1	-119.3	
18.525	-2.13	-8.4	39.9	
18.53	-2.16	-9.2	314.4	
18.535	-2.2	-9.5	495.6	
18.54	-2.24	-10.1	510.9	
18.545	-2.28	-11.5	511.8	
18.55	-2.33	-12.2	384.5	
18.555	-2.38	-12	-47.2	
18.56	-2.43	-12.4	-440	
18.565	-2.48	-12.4	-498.7	
18.57	-2.53	-11.7	-364.5	
18.575	-2.58	-11.7	-232.6	
18.58	-2.63	-12.2	-182.1	
18.585	-2.67	-12.2	-151.8	
18.59	-2.72	-12.3	-106.3	
18.595	-2.77	-13.1	-85	
18.6	-2.83	-13.4	-85.5	
18.605	-2.88	-13.4	-86.3	
18.61	-2.94	-14.3	-72.5	
18.615	-3	-14.9	-50.3	
18.62	-3.06	-14.4	-44.9	
18.625	-3.11	-13.9	-33.6	
18.63	-3.17	-13.4	-23.9	
18.635	-3.21	-11.6	-16	
18.64	-3.25	-9.5	-2.4	
18.645	-3.28	-8	2.8	
18.65	-3.3	-6.2	3.6	
18.655	-3.31	-4.3	3.7	
18.66	-3.32	-3.6	29.1	
18.665	-3.32	-3.4	48.5	
18.67	-3.32	-3.3	46	
18.675	-3.32	-4.4	77.4	
18.68	-3.34	-6.5	122	
18.685	-3.36	-8.3	139.3	
18.69	-3.39	-10.2	159.2	
18.695	-3.43	-12.3	194	
18.7	-3.48	-12.7	231.4	
18.705	-3.52	-10.6	249.6	
18.71	-3.55	-6.3	265.5	
18.715	-3.55	0.5	283	
18.72	-3.51	9.3	277	
18.725	-3.42	17.8	285.6	
18.73	-3.3	25.9	294.8	
18.735	-3.13	34.5	275.5	
18.74	-2.92	42.5	263.3	
18.745	-2.68	49.2	264.3	
18.75	-2.41	55.3	256.2	
18.755	-2.11	60	231.3	
18.76	-1.79	62.2	197.5	
18.765	-1.47	62.7	160.7	
18.77	-1.15	62.1	129.8	
18.775	-0.85	59	99.7	
18.78	-0.56	54	81.8	
18.785	-0.3	48.5	65.7	
18.79	-0.07	41.9	30.9	
18.795	0.11	33.8	1.1	
18.8	0.26	25.9	-8.4	
18.805	0.37	18.7	-15	
18.81	0.45	11.4	-34.9	
18.815	0.48	5.2	-36.2	
18.82	0.5	0.8	-26.1	
18.825	0.49	-2.5	-18	
18.83	0.47	-4.4	-21.3	
18.835	0.44	-4.1	-43	
18.84	0.42	-2.9	-51.4	
18.845	0.41	-1.4	-39.1	
18.85	0.41	1.1	-25.3	
18.855	0.42	3.4	-23.6	
18.86	0.44	3.8	-19.5	
18.865	0.45	3.4	-21.6	
18.87	0.46	2.3	-32.5	
18.875	0.47	-0.9	-41.7	
18.88	0.45	-5.4	-41.2	
18.885	0.41	-9.5	-30.5	
18.89	0.35	-13.8	-23.7	
18.895	0.27	-19.1	-26.9	
18.9	0.16	-23.9	-46.7	
18.905	0.03	-27.7	-59.4	
18.91	-0.12	-31.1	-51.3	
18.915	-0.28	-32.9	-45.6	
18.92	-0.44	-32.6	-45	
18.925	-0.6	-31.8	-40.2	
18.93	-0.75	-30.2	-35.5	
18.935	-0.89	-26.7	-40	
18.94	-1.01	-22.6	-41.3	
18.945	-1.11	-19	-34.1	
18.95	-1.19	-15.3	-50.5	
18.955	-1.25	-11.5	-59.1	
18.96	-1.3	-9	-45.7	
18.965	-1.33	-7.2	-48.7	
18.97	-1.36	-5.6	-45.6	
18.975	-1.38	-5.2	-54	
18.98	-1.4	-5.9	-53.4	
18.985	-1.42	-6.5	-31.5	
18.99	-1.45	-7.3	-52	
18.995	-1.48	-8.8	-66.7	
19	-1.52	-9.7	-43.2	
19.005	-1.57	-10.1	-40.5	
19.01	-1.61	-10.6	-54.1	
19.015	-1.66	-10.4	-50.6	
19.02	-1.7	-9.1	-45.7	
19.025	-1.73	-8.1	-44.5	
19.03	-1.76	-7.6	-39.3	
19.035	-1.79	-6.3	-37.1	
19.04	-1.81	-5.2	-42.8	
19.045	-1.83	-4.7	-51	
19.05	-1.84	-3.9	-39.4	
19.055	-1.85	-3.1	-38.5	
19.06	-1.86	-3.1	-43.8	
19.065	-1.86	-3.2	-34.3	
19.07	-1.87	-2.6	-25.7	
19.075	-1.87	-2.8	-6	
19.08	-1.88	-3.8	4.9	
19.085	-1.89	-4	15.1	
19.09	-1.9	-4.3	29.7	
19.095	-1.92	-5.5	25.7	
19.1	-1.94	-6.3	20.3	
19.105	-1.97	-6.9	17.1	
19.11	-1.99	-8.1	8.6	
19.115	-2.03	-9.2	-23.3	
19.12	-2.06	-9.5	-51.4	
19.125	-2.1	-9.9	-49.8	
19.13	-2.15	-10.3	-45.2	
19.135	-2.19	-9.7	-45.5	
19.14	-2.22	-9.3	-61.3	
19.145	-2.26	-9.6	-75.2	
19.15	-2.3	-9.4	-71.6	
19.155	-2.33	-8.8	-61.1	
19.16	-2.36	-9	-66.8	
19.165	-2.4	-9.4	-74.7	
19.17	-2.44	-9.2	-61.5	
19.175	-2.47	-9.6	-57	
19.18	-2.51	-10.3	-62.3	
19.185	-2.55	-10.4	-65.5	
19.19	-2.59	-10.8	-81.1	
19.195	-2.63	-11.7	-101	
19.2	-2.68	-12	-94	
19.205	-2.73	-11.7	19.7	
19.21	-2.77	-11.8	271.3	
19.215	-2.82	-11.5	476.3	
19.22	-2.86	-10.3	NaN	
19.225	-2.9	-9.4	511	
19.23	-2.93	-8.8	443.6	
19.235	-2.96	-7.8	108.3	
19.24	-2.98	-7.5	-328.3	
19.245	-3.01	-8.2	-492.5	
19.25	-3.04	-8.5	-399.2	
19.255	-3.06	-8.5	-261.9	
19.26	-3.1	-9.5	-176	
19.265	-3.13	-10.5	-126.6	
19.27	-3.17	-10.7	-85.2	
19.275	-3.21	-11.5	-74.7	
19.28	-3.26	-12.6	-73.9	
19.285	-3.31	-12.6	-55	
19.29	-3.35	-12.1	-44.4	
19.295	-3.4	-11.9	-42.8	
19.3	-3.44	-10.7	-26.9	
19.305	-3.47	-8.6	-17.9	
19.31	-3.49	-7.1	-18.8	
19.315	-3.51	-5.6	-12.3	
19.32	-3.52	-3.8	-20.9	
19.325	-3.52	-3.1	-16.4	
19.33	-3.52	-3.6	1.9	
19.335	-3.52	-4.1	13.6	
19.34	-3.53	-5.2	46.5	
19.345	-3.54	-7.6	59	
19.35	-3.57	-9.9	61.9	
19.355	-3.61	-11.9	79.3	
19.36	-3.66	-14.1	102	
19.365	-3.71	-15.4	127.8	
19.37	-3.77	-15.1	146.4	
19.375	-3.83	-14.6	167.4	
19.38	-3.88	-13.6	182.4	
19.385	-3.93	-10.8	201.4	
19.39	-3.95	-6.1	212.5	
19.395	-3.95	0.5	221.9	
19.4	-3.91	9.8	235.9	
19.405	-3.81	20.3	246.9	
19.41	-3.67	29.8	276.6	
19.415	-3.48	38.2	265.8	
19.42	-3.26	46	225.3	
19.425	-3	51.5	221.2	
19.43	-2.72	54.9	219.3	
19.435	-2.42	57.5	208.1	
19.44	-2.12	58.5	184.2	
19.445	-1.82	57.4	170.1	
19.45	-1.53	55.8	159.8	
19.455	-1.25	53.8	117.7	
19.46	-0.99	50.4	77.3	
19.465	-0.74	46.7	60.1	
19.47	-0.51	43.6	56.2	
19.475	-0.3	39.9	29.5	
19.48	-0.11	35.7	10.3	
19.485	0.06	32.1	20	
19.49	0.21	28.7	6.1	
19.495	0.34	25.1	-7.4	
19.5	0.46	22.3	-16	
19.505	0.56	19.2	-9.7	
19.51	0.64	15.2	8.1	
19.515	0.71	11.4	4.8	
19.52	0.75	8.5	3.1	
19.525	0.78	4.8	3.5	
19.53	0.79	0.8	2.8	
19.535	0.79	-2.2	1.5	
19.54	0.77	-5.1	4.3	
19.545	0.73	-8.5	13	
19.55	0.68	-10.9	18.9	
19.555	0.61	-12.5	5	
19.56	0.54	-14.5	-3.9	
19.565	0.46	-16.1	3.7	
19.57	0.38	-16.6	14.3	
19.575	0.29	-17.6	23.3	
19.58	0.2	-19	14.8	
19.585	0.1	-19.4	8.9	
19.59	0.01	-19.6	2.8	
19.595	-0.09	-20.6	-5.8	
19.6	-0.2	-21.4	8.9	
19.605	-0.3	-21.5	12.6	
19.61	-0.41	-21.7	-7.5	
19.615	-0.52	-21.7	-7.5	
19.62	-0.62	-20.9	-2.3	
19.625	-0.72	-20.6	-4.3	
19.63	-0.82	-20.4	3.1	
19.635	-0.92	-19.2	-14.2	
19.64	-1	-17.8	-40.4	
19.645	-1.09	-16.8	-33.3	
19.65	-1.16	-14.7	-39.9	
19.655	-1.22	-12.2	-20.3	
19.66	-1.27	-10.6	11.3	
19.665	-1.32	-9.3	-4.7	
19.67	-1.35	-7.7	-26.5	
19.675	-1.38	-7.1	-32	
19.68	-1.41	-7.1	-12.5	
19.685	-1.44	-6.4	2.4	
19.69	-1.46	-6.1	-4.4	
19.695	-1.49	-6.6	-6.6	
19.7	-1.51	-6.5	-2.2	
19.705	-1.54	-6	-9.8	
19.71	-1.56	-6.2	-14	
19.715	-1.59	-6.2	-26.5	
19.72	-1.61	-5.2	-11	
19.725	-1.62	-4.5	29.6	
19.73	-1.64	-3.7	20.8	
19.735	-1.64	-1.9	-3.8	
19.74	-1.64	-0.2	1.2	
19.745	-1.63	0.5	34.6	
19.75	-1.62	1.4	76.4	
19.755	-1.6	2.3	68.1	
19.76	-1.59	1.9	27.1	
19.765	-1.57	0.8	18.5	
19.77	-1.56	-0.1	7.2	
19.775	-1.56	-1.7	-7.7	
19.78	-1.57	-3.7	-16.6	
19.785	-1.58	-5.1	-24.2	
19.79	-1.6	-6.6	-17.8	
19.795	-1.63	-8.5	-26.4	
19.8	-1.67	-9.7	-32.7	
19.805	-1.71	-10.3	-21.9	
19.81	-1.76	-11.5	-13.3	
19.815	-1.81	-12.1	-10.6	
19.82	-1.86	-11.6	-23.6	
19.825	-1.91	-11.4	-30.5	
19.83	-1.96	-11.2	-28.1	
19.835	-2	-9.8	-30.8	
19.84	-2.04	-8.4	-20.2	
19.845	-2.07	-7.6	-38.2	
19.85	-2.1	-6.3	-70.2	
19.855	-2.11	-4.8	-41.9	
19.86	-2.13	-4.4	34.7	
19.865	-2.14	-4.4	226.5	
19.87	-2.15	-4.1	451.7	
19.875	-2.16	-5	NaN	
19.88	-2.18	-6.6	509	
19.885	-2.21	-7.7	475.4	
19.89	-2.24	-9.1	244.5	
19.895	-2.28	-11.3	-144.6	
19.9	-2.33	-12.7	-334.7	
19.905	-2.38	-13.4	-255.8	
19.91	-2.44	-14.7	-154.9	
19.915	-2.51	-15.5	-103	
19.92	-2.57	-15.3	-56	
19.925	-2.64	-15.2	-34.7	
19.93	-2.7	-15.3	-34	
19.935	-2.76	-14.6	-21.4	
19.94	-2.82	-13.8	-4.1	
19.945	-2.88	-13.6	12.2	
19.95	-2.93	-12.6	16.7	
19.955	-2.98	-10.8	13.1	
19.96	-3.01	-9.4	12.9	
19.965	-3.04	-8	15.7	
19.97	-3.06	-6.5	30.3	
19.975	-3.08	-6.2	40.2	
19.98	-3.1	-7	42.1	
19.985	-3.12	-7.6	66.5	
19.99	-3.15	-8.8	69.2	
19.995	-3.18	-11.2	53.4	
20	-3.23	-12.8	74.6	
